acqUNIXTime	acqDateTimestamp	VAC.VVSB_41731(mbar)	VAC.VGI_3(mbar)	VAC.VVSB_41737(mbar)	VAC.VGI_2(mbar)	TT900(°C)	TT909(°C)	
1439820573.078	16:09:33 17/08/2015					5.099989E-9	8.5787	0.3472	
1439820574.078	16:09:34 17/08/2015		3.000000E+0	9.899980E-9	5.000000E+0	5.199989E-9	8.5787	0.3472	
1439820575.078	16:09:35 17/08/2015		3.000000E+0	9.699980E-9	5.000000E+0	5.099989E-9	8.5787	0.3472	
1439820576.078	16:09:36 17/08/2015		3.000000E+0	9.899980E-9	5.000000E+0	5.099989E-9	8.5787	0.3472	
1439820577.078	16:09:37 17/08/2015		3.000000E+0	9.499980E-9	5.000000E+0	5.099989E-9	8.5787	0.3472	
1439820578.077	16:09:38 17/08/2015		3.000000E+0	9.799979E-9	5.000000E+0	5.099989E-9	8.5787	0.3472	
1439820579.077	16:09:39 17/08/2015		3.000000E+0	9.899980E-9	5.000000E+0	5.099989E-9	8.5787	0.3472	
1439820580.077	16:09:40 17/08/2015		3.000000E+0	9.999992E-9	5.000000E+0	5.099989E-9	8.5787	0.3472	
1439820581.077	16:09:41 17/08/2015		3.000000E+0	9.799979E-9	5.000000E+0	5.199989E-9	8.5787	0.3472	
1439820582.077	16:09:42 17/08/2015		3.000000E+0	9.599980E-9	5.000000E+0	5.199989E-9	8.5787	0.3472	
1439820583.077	16:09:43 17/08/2015		3.000000E+0	9.399980E-9	5.000000E+0	5.199989E-9	8.5787	0.3472	
1439820584.077	16:09:44 17/08/2015		3.000000E+0	9.999992E-9	5.000000E+0	5.099989E-9	8.5787	0.3472	
1439820585.077	16:09:45 17/08/2015		3.000000E+0	9.999992E-9	5.000000E+0	5.199989E-9	8.5787	0.3472	
1439820586.077	16:09:46 17/08/2015		3.000000E+0	9.699980E-9	5.000000E+0	5.099989E-9	8.5787	0.3472	
1439820587.077	16:09:47 17/08/2015		3.000000E+0	9.899980E-9	5.000000E+0	5.199989E-9	8.5787	0.3472	
1439820588.077	16:09:48 17/08/2015		3.000000E+0	9.699980E-9	5.000000E+0	5.199989E-9	8.5787	0.3472	
1439820589.077	16:09:49 17/08/2015		3.000000E+0	9.999992E-9	5.000000E+0	5.199989E-9	8.5787	0.3472	
1439820590.077	16:09:50 17/08/2015		3.000000E+0	9.499980E-9	5.000000E+0	5.199989E-9	8.5787	0.3472	
1439820591.077	16:09:51 17/08/2015		3.000000E+0	9.599980E-9	5.000000E+0	5.199989E-9	8.5787	0.3472	
1439820592.077	16:09:52 17/08/2015		3.000000E+0	9.899980E-9	5.000000E+0	5.099989E-9	8.5787	0.3472	
1439820593.077	16:09:53 17/08/2015		3.000000E+0	9.999992E-9	5.000000E+0	5.199989E-9	8.5787	0.3472	
1439820594.077	16:09:54 17/08/2015		3.000000E+0	9.499980E-9	5.000000E+0	5.199989E-9	8.5787	0.3472	
1439820595.076	16:09:55 17/08/2015		3.000000E+0	9.599980E-9	5.000000E+0	5.199989E-9	8.5787	0.3472	
1439820596.076	16:09:56 17/08/2015		3.000000E+0	9.799979E-9	5.000000E+0	5.199989E-9	8.5787	0.3472	
1439820597.076	16:09:57 17/08/2015		3.000000E+0	9.999992E-9	5.000000E+0	5.099989E-9	8.5787	0.3472	
1439820598.076	16:09:58 17/08/2015		3.000000E+0	9.299980E-9	5.000000E+0	5.099989E-9	8.5787	0.3472	
1439820599.076	16:09:59 17/08/2015		3.000000E+0	9.499980E-9	5.000000E+0	5.199989E-9	8.5787	0.3472	
1439820600.076	16:10:00 17/08/2015		3.000000E+0	9.699980E-9	5.000000E+0	5.099989E-9	8.5787	0.3472	
1439820601.076	16:10:01 17/08/2015		3.000000E+0	9.699980E-9	5.000000E+0	5.099989E-9	8.5787	0.3472	
1439820602.076	16:10:02 17/08/2015		3.000000E+0	9.599980E-9	5.000000E+0	5.099989E-9	8.5787	0.3472	
1439820603.076	16:10:03 17/08/2015		3.000000E+0	9.199981E-9	5.000000E+0	5.099989E-9	8.5787	0.3472	
1439820604.076	16:10:04 17/08/2015		3.000000E+0	9.799979E-9	5.000000E+0	5.199989E-9	8.5787	0.3472	
1439820605.076	16:10:05 17/08/2015		3.000000E+0	9.899980E-9	5.000000E+0	5.199989E-9	8.5787	0.3472	
1439820606.076	16:10:06 17/08/2015		3.000000E+0	9.699980E-9	5.000000E+0	5.099989E-9	8.5787	0.3472	
1439820607.076	16:10:07 17/08/2015		3.000000E+0	9.799979E-9	5.000000E+0	5.099989E-9	8.5787	0.3472	
1439820608.076	16:10:08 17/08/2015		3.000000E+0	9.599980E-9	5.000000E+0	5.199989E-9	8.5787	0.3472	
1439820609.076	16:10:09 17/08/2015		3.000000E+0	9.699980E-9	5.000000E+0	5.099989E-9	8.5787	0.3472	
1439820610.076	16:10:10 17/08/2015		3.000000E+0	9.699980E-9	5.000000E+0	5.099989E-9	8.5787	0.3472	
1439820611.201	16:10:11 17/08/2015		3.000000E+0	9.499980E-9	5.000000E+0	5.099989E-9	8.5787	0.3472	
1439820612.201	16:10:12 17/08/2015		3.000000E+0	9.799979E-9	5.000000E+0	5.099989E-9	8.5787	0.3472	
1439820613.200	16:10:13 17/08/2015		3.000000E+0	9.599980E-9	5.000000E+0	5.099989E-9	8.5787	0.3472	
1439820614.201	16:10:14 17/08/2015		3.000000E+0	9.799979E-9	5.000000E+0	5.199989E-9	8.5787	0.3472	
1439820615.201	16:10:15 17/08/2015		3.000000E+0	9.799979E-9	5.000000E+0	5.199989E-9	8.5787	0.3472	
1439820616.201	16:10:16 17/08/2015		3.000000E+0	9.699980E-9	5.000000E+0	5.099989E-9	8.5787	0.3472	
1439820617.201	16:10:17 17/08/2015		3.000000E+0	9.499980E-9	5.000000E+0	5.199989E-9	8.5787	0.3472	
1439820618.201	16:10:18 17/08/2015		3.000000E+0	9.599980E-9	5.000000E+0	5.099989E-9	8.5787	0.3472	
1439820619.201	16:10:19 17/08/2015		3.000000E+0	9.399980E-9	5.000000E+0	5.099989E-9	8.5787	0.3472	
1439820620.201	16:10:20 17/08/2015		3.000000E+0	9.499980E-9	5.000000E+0	5.099989E-9	8.5787	0.3472	
1439820621.201	16:10:21 17/08/2015		3.000000E+0	9.599980E-9	5.000000E+0	5.099989E-9	8.5787	0.3472	
1439820622.201	16:10:22 17/08/2015		3.000000E+0	9.699980E-9	5.000000E+0	5.099989E-9	8.5787	0.3472	
1439820623.201	16:10:23 17/08/2015		3.000000E+0	9.499980E-9	5.000000E+0	5.099989E-9	8.5787	0.3472	
1439820624.201	16:10:24 17/08/2015		3.000000E+0	9.799979E-9	5.000000E+0	5.099989E-9	8.5787	0.3472	
1439820625.201	16:10:25 17/08/2015		3.000000E+0	9.699980E-9	5.000000E+0	5.099989E-9	8.5787	0.3472	
1439820626.201	16:10:26 17/08/2015		3.000000E+0	9.899980E-9	5.000000E+0	5.099989E-9	8.5787	0.3472	
1439820627.201	16:10:27 17/08/2015		3.000000E+0	9.999992E-9	5.000000E+0	5.099989E-9	8.5787	0.3472	
1439820628.371	16:10:28 17/08/2015		3.000000E+0	9.999992E-9	5.000000E+0	5.099989E-9	8.5787	0.3472	
1439820629.371	16:10:29 17/08/2015		3.000000E+0	9.799979E-9	5.000000E+0	5.099989E-9	8.5787	0.3472	
1439820630.370	16:10:30 17/08/2015		3.000000E+0	9.599980E-9	5.000000E+0	5.099989E-9	8.5787	0.3472	
1439820631.370	16:10:31 17/08/2015		3.000000E+0	9.599980E-9	5.000000E+0	5.099989E-9	8.5787	0.3472	
1439820632.370	16:10:32 17/08/2015		3.000000E+0	9.399980E-9	5.000000E+0	5.199989E-9	8.5787	0.3472	
1439820633.370	16:10:33 17/08/2015		3.000000E+0	9.499980E-9	5.000000E+0	5.099989E-9	8.5787	0.3472	
1439820634.370	16:10:34 17/08/2015		3.000000E+0	9.599980E-9	5.000000E+0	5.099989E-9	8.5787	0.3472	
1439820635.370	16:10:35 17/08/2015		3.000000E+0	9.499980E-9	5.000000E+0	5.099989E-9	8.5787	0.3472	
1439820636.370	16:10:36 17/08/2015		3.000000E+0	9.699980E-9	5.000000E+0	5.099989E-9	8.5787	0.3472	
1439820637.370	16:10:37 17/08/2015		3.000000E+0	9.599980E-9	5.000000E+0	5.099989E-9	8.5787	0.3472	
1439820638.370	16:10:38 17/08/2015		3.000000E+0	9.399980E-9	5.000000E+0	4.999990E-9	8.5787	0.3472	
1439820639.370	16:10:39 17/08/2015		3.000000E+0	9.399980E-9	5.000000E+0	5.099989E-9	8.5787	0.3472	
1439820640.370	16:10:40 17/08/2015		3.000000E+0	9.399980E-9	5.000000E+0	5.099989E-9	8.5787	0.3472	
1439820641.370	16:10:41 17/08/2015		3.000000E+0	9.799979E-9	5.000000E+0	5.099989E-9	8.5787	0.3472	
1439820642.370	16:10:42 17/08/2015		3.000000E+0	9.499980E-9	5.000000E+0	5.099989E-9	8.5787	0.3472	
1439820643.370	16:10:43 17/08/2015		3.000000E+0	9.399980E-9	5.000000E+0	5.199989E-9	8.5787	0.3472	
1439820644.370	16:10:44 17/08/2015		3.000000E+0	9.899980E-9	5.000000E+0	5.099989E-9	8.5787	0.3472	
1439820645.370	16:10:45 17/08/2015		3.000000E+0	9.899980E-9	5.000000E+0	5.199989E-9	8.5787	0.3472	
1439820646.370	16:10:46 17/08/2015		3.000000E+0	9.699980E-9	5.000000E+0	5.199989E-9	8.5787	0.3472	
1439820647.370	16:10:47 17/08/2015		3.000000E+0	9.899980E-9	5.000000E+0	5.199989E-9	8.5787	0.4051	
1439820648.369	16:10:48 17/08/2015		3.000000E+0	9.899980E-9	5.000000E+0	5.099989E-9	8.5787	0.3472	
1439820649.369	16:10:49 17/08/2015		3.000000E+0	9.699980E-9	5.000000E+0	5.099989E-9	8.5787	0.3472	
1439820650.369	16:10:50 17/08/2015		3.000000E+0	9.899980E-9	5.000000E+0	5.199989E-9	8.5787	0.3472	
1439820651.369	16:10:51 17/08/2015		3.000000E+0	9.899980E-9	5.000000E+0	5.199989E-9	8.5787	0.3472	
1439820652.369	16:10:52 17/08/2015		3.000000E+0	9.799979E-9	5.000000E+0	5.199989E-9	8.5787	0.3472	
1439820653.369	16:10:53 17/08/2015		3.000000E+0	9.599980E-9	5.000000E+0	5.099989E-9	8.5787	0.3472	
1439820654.369	16:10:54 17/08/2015		3.000000E+0	9.599980E-9	5.000000E+0	5.199989E-9	8.5787	0.3472	
1439820655.369	16:10:55 17/08/2015		3.000000E+0	9.099981E-9	5.000000E+0	5.199989E-9	8.5787	0.3472	
1439820656.369	16:10:56 17/08/2015		3.000000E+0	9.799979E-9	5.000000E+0	5.199989E-9	8.5787	0.3472	
1439820657.369	16:10:57 17/08/2015		3.000000E+0	9.899980E-9	5.000000E+0	5.199989E-9	8.5787	0.3472	
1439820658.369	16:10:58 17/08/2015		3.000000E+0	9.499980E-9	5.000000E+0	5.199989E-9	8.5787	0.3472	
1439820659.369	16:10:59 17/08/2015		3.000000E+0	9.799979E-9	5.000000E+0	5.199989E-9	8.5787	0.3472	
1439820660.369	16:11:00 17/08/2015		3.000000E+0	9.899980E-9	5.000000E+0	5.199989E-9	8.5787	0.3472	
1439820661.369	16:11:01 17/08/2015		3.000000E+0	9.599980E-9	5.000000E+0	5.199989E-9	8.5787	0.3472	
1439820662.369	16:11:02 17/08/2015		3.000000E+0	9.999992E-9	5.000000E+0	5.299989E-9	8.5787	0.3472	
1439820663.369	16:11:03 17/08/2015		3.000000E+0	9.999992E-9	5.000000E+0	5.199989E-9	8.5787	0.3472	
1439820664.369	16:11:04 17/08/2015		3.000000E+0	9.699980E-9	5.000000E+0	5.299989E-9	8.5787	0.3472	
1439820665.368	16:11:05 17/08/2015		3.000000E+0	9.699980E-9	5.000000E+0	5.199989E-9	8.5787	0.3472	
1439820666.368	16:11:06 17/08/2015		3.000000E+0	9.899980E-9	5.000000E+0	5.199989E-9	8.5787	0.4051	
1439820667.368	16:11:07 17/08/2015		3.000000E+0	9.799979E-9	5.000000E+0	5.199989E-9	8.5787	0.3472	
1439820668.368	16:11:08 17/08/2015		3.000000E+0	9.999992E-9	5.000000E+0	5.199989E-9	8.5787	0.3472	
1439820669.368	16:11:09 17/08/2015		3.000000E+0	9.699980E-9	5.000000E+0	5.199989E-9	8.5787	0.3472	
1439820670.368	16:11:10 17/08/2015		3.000000E+0	9.799979E-9	5.000000E+0	5.099989E-9	8.5787	0.3472	
1439820671.368	16:11:11 17/08/2015		3.000000E+0	9.899980E-9	5.000000E+0	5.199989E-9	8.5787	0.3472	
1439820672.368	16:11:12 17/08/2015		3.000000E+0	9.999992E-9	5.000000E+0	5.099989E-9	8.5787	0.3472	
1439820673.368	16:11:13 17/08/2015		3.000000E+0	9.699980E-9	5.000000E+0	5.199989E-9	8.5787	0.3472	
1439820674.368	16:11:14 17/08/2015		3.000000E+0	9.699980E-9	5.000000E+0	5.099989E-9	8.5787	0.3472	
1439820675.368	16:11:15 17/08/2015		3.000000E+0	9.499980E-9	5.000000E+0	5.099989E-9	8.5787	0.3472	
1439820676.368	16:11:16 17/08/2015		3.000000E+0	9.599980E-9	5.000000E+0	5.199989E-9	8.5787	0.3472	
1439820677.368	16:11:17 17/08/2015		3.000000E+0	9.499980E-9	5.000000E+0	5.199989E-9	8.5787	0.3472	
1439820678.368	16:11:18 17/08/2015		3.000000E+0	9.699980E-9	5.000000E+0	5.099989E-9	8.5787	0.3472	
1439820679.368	16:11:19 17/08/2015		3.000000E+0	9.799979E-9	5.000000E+0	5.199989E-9	8.5787	0.3472	
1439820680.368	16:11:20 17/08/2015		3.000000E+0	9.799979E-9	5.000000E+0	5.099989E-9	8.5787	0.3472	
1439820681.368	16:11:21 17/08/2015		3.000000E+0	9.799979E-9	5.000000E+0	5.099989E-9	8.5787	0.3472	
1439820682.368	16:11:22 17/08/2015		3.000000E+0	9.899980E-9	5.000000E+0	5.199989E-9	8.5787	0.3472	
1439820683.367	16:11:23 17/08/2015		3.000000E+0	9.599980E-9	5.000000E+0	5.199989E-9	8.5787	0.3472	
1439820684.367	16:11:24 17/08/2015		3.000000E+0	9.999992E-9	5.000000E+0	5.199989E-9	8.5787	0.3472	
1439820685.367	16:11:25 17/08/2015		3.000000E+0	9.599980E-9	5.000000E+0	5.199989E-9	8.5787	0.3472	
1439820686.367	16:11:26 17/08/2015		3.000000E+0	9.799979E-9	5.000000E+0	5.199989E-9	8.5787	0.3472	
1439820687.367	16:11:27 17/08/2015		3.000000E+0	9.399980E-9	5.000000E+0	5.099989E-9	8.5787	0.3472	
1439820688.367	16:11:28 17/08/2015		3.000000E+0	9.799979E-9	5.000000E+0	5.099989E-9	8.5787	0.3472	
1439820689.367	16:11:29 17/08/2015		3.000000E+0	9.899980E-9	5.000000E+0	5.199989E-9	8.5787	0.3472	
1439820690.367	16:11:30 17/08/2015		3.000000E+0	9.799979E-9	5.000000E+0	5.099989E-9	8.5787	0.3472	
1439820691.367	16:11:31 17/08/2015		3.000000E+0	9.399980E-9	5.000000E+0	5.099989E-9	8.5787	0.3472	
1439820692.367	16:11:32 17/08/2015		3.000000E+0	9.699980E-9	5.000000E+0	5.099989E-9	8.5787	0.3472	
1439820693.367	16:11:33 17/08/2015		3.000000E+0	9.999992E-9	5.000000E+0	5.199989E-9	8.5787	0.3472	
