acqUNIXTime	acqDateTimestamp	VGHB_41738(mbar)	(mbar)	VGI_2(°C)	VGHB_41779(°C)	VAC.VGI_3(°C)	(°C)	
1439396427.900	20150812_182027		1.400000E-8	6.299987E-9	1.000000E-9	1.199999E-8	8.5556	292.4036	
1439396428.201	20150812_182028		1.400000E-8	6.299987E-9	1.000000E-9	1.199999E-8	8.5556	292.4036	
1439396428.500	20150812_182028		1.300000E-8	6.299987E-9	1.000000E-9	1.199999E-8	8.5556	292.4036	
1439396428.802	20150812_182028		1.300000E-8	6.299987E-9	1.000000E-9	1.199999E-8	8.5556	292.4036	
1439396429.111	20150812_182029		1.300000E-8	6.299987E-9	1.000000E-9	1.199999E-8	8.5556	292.4036	
1439396429.515	20150812_182029		1.400000E-8	6.299987E-9	1.000000E-9	1.099999E-8	8.5556	292.4036	
1439396429.816	20150812_182029		1.400000E-8	6.299987E-9	1.000000E-9	1.099999E-8	8.5556	292.4036	
1439396430.202	20150812_182030		1.400000E-8	6.299987E-9	1.000000E-9	1.099999E-8	8.5556	292.4036	
1439396430.516	20150812_182030		1.400000E-8	6.299987E-9	1.000000E-9	1.099999E-8	8.5556	292.4036	
1439396430.815	20150812_182030		1.400000E-8	6.299987E-9	1.000000E-9	1.099999E-8	8.5556	292.4036	
1439396431.216	20150812_182031		1.400000E-8	6.299987E-9	1.000000E-9	1.099999E-8	8.5556	292.4036	
1439396431.602	20150812_182031		1.300000E-8	6.199987E-9	1.000000E-9	9.999992E-9	8.5556	292.4036	
1439396431.903	20150812_182031		1.300000E-8	6.199987E-9	1.000000E-9	9.999992E-9	8.5556	292.4036	
1439396432.217	20150812_182032		1.300000E-8	6.199987E-9	1.000000E-9	9.999992E-9	8.5556	292.4036	
1439396432.617	20150812_182032		1.300000E-8	6.199987E-9	1.000000E-9	9.999992E-9	8.5556	292.4036	
1439396433.003	20150812_182033		1.300000E-8	6.199987E-9	1.000000E-9	9.999992E-9	8.5556	292.4036	
1439396433.402	20150812_182033		1.400000E-8	6.199987E-9	1.000000E-9	9.999992E-9	8.5556	292.4036	
1439396433.804	20150812_182033		1.400000E-8	6.199987E-9	1.000000E-9	9.999992E-9	8.5556	292.4036	
1439396434.205	20150812_182034		1.400000E-8	6.199987E-9	1.000000E-9	9.999992E-9	8.5556	292.4036	
1439396434.605	20150812_182034		1.400000E-8	6.299987E-9	1.000000E-9	9.999992E-9	8.5556	292.4036	
1439396435.004	20150812_182035		1.400000E-8	6.299987E-9	1.000000E-9	9.999992E-9	8.5556	292.4036	
1439396435.404	20150812_182035		1.400000E-8	6.299987E-9	1.000000E-9	9.999992E-9	8.5556	292.4036	
1439396435.805	20150812_182035		1.400000E-8	6.299987E-9	1.000000E-9	9.999992E-9	8.5556	292.4036	
1439396436.208	20150812_182036		1.400000E-8	6.299987E-9	1.000000E-9	9.999992E-9	8.5556	292.4036	
1439396436.607	20150812_182036		1.400000E-8	6.199987E-9	1.000000E-9	9.999992E-9	8.5556	292.4036	
1439396437.007	20150812_182037		1.400000E-8	6.199987E-9	1.000000E-9	9.999992E-9	8.5556	292.4036	
1439396437.407	20150812_182037		1.400000E-8	6.399987E-9	1.000000E-9	1.099999E-8	8.5556	292.4036	
1439396437.808	20150812_182037		1.400000E-8	6.399987E-9	1.000000E-9	1.099999E-8	8.5556	292.4036	
1439396438.207	20150812_182038		1.400000E-8	6.399987E-9	1.000000E-9	1.099999E-8	8.5556	292.4036	
1439396438.609	20150812_182038		1.400000E-8	6.299987E-9	1.000000E-9	1.199999E-8	8.5556	292.4036	
1439396439.009	20150812_182039		1.400000E-8	6.299987E-9	1.000000E-9	1.199999E-8	8.5556	292.4036	
1439396439.410	20150812_182039		1.400000E-8	6.399987E-9	1.000000E-9	1.199999E-8	8.5556	292.4036	
1439396439.811	20150812_182039		1.400000E-8	6.399987E-9	1.000000E-9	1.199999E-8	8.5556	292.4036	
1439396440.111	20150812_182040		1.400000E-8	6.399987E-9	1.000000E-9	1.199999E-8	8.5556	292.4036	
1439396440.511	20150812_182040		1.400000E-8	6.299987E-9	1.000000E-9	1.099999E-8	8.5556	292.4036	
1439396440.910	20150812_182040		1.400000E-8	6.299987E-9	1.000000E-9	1.099999E-8	8.5556	292.4036	
1439396441.312	20150812_182041		1.400000E-8	6.299987E-9	1.000000E-9	1.099999E-8	8.5556	292.4036	
1439396441.712	20150812_182041		1.400000E-8	6.299987E-9	1.000000E-9	1.099999E-8	8.5556	292.4036	
1439396442.113	20150812_182042		1.400000E-8	6.299987E-9	1.000000E-9	1.099999E-8	8.5556	292.4036	
1439396442.512	20150812_182042		1.400000E-8	6.399987E-9	1.000000E-9	1.099999E-8	8.5556	292.4036	
1439396442.912	20150812_182042		1.400000E-8	6.399987E-9	1.000000E-9	1.099999E-8	8.5556	292.4036	
1439396443.312	20150812_182043		1.400000E-8	6.399987E-9	1.000000E-9	1.099999E-8	8.5556	292.4036	
1439396443.613	20150812_182043		1.400000E-8	6.399987E-9	1.000000E-9	1.199999E-8	8.5556	292.4036	
1439396443.927	20150812_182043		1.400000E-8	6.399987E-9	1.000000E-9	1.199999E-8	8.5556	292.4036	
1439396444.329	20150812_182044		1.400000E-8	6.399987E-9	1.000000E-9	1.199999E-8	8.5556	292.4036	
1439396444.713	20150812_182044		1.400000E-8	6.299987E-9	1.000000E-9	1.199999E-8	8.5556	292.4036	
1439396445.113	20150812_182045		1.400000E-8	6.299987E-9	1.000000E-9	1.199999E-8	8.5556	292.4036	
1439396445.513	20150812_182045		1.400000E-8	6.299987E-9	1.000000E-9	1.199999E-8	8.5556	292.4036	
1439396445.913	20150812_182045		1.400000E-8	6.299987E-9	1.000000E-9	1.199999E-8	8.5556	292.4036	
1439396446.314	20150812_182046		1.400000E-8	6.299987E-9	1.000000E-9	1.199999E-8	8.5556	292.4036	
1439396446.713	20150812_182046		1.400000E-8	6.399987E-9	1.000000E-9	1.099999E-8	8.5556	292.4036	
1439396447.114	20150812_182047		1.400000E-8	6.399987E-9	1.000000E-9	1.099999E-8	8.5556	292.4036	
1439396447.550	20150812_182047		1.400000E-8	6.299987E-9	1.000000E-9	1.099999E-8	8.5556	292.4036	
1439396447.914	20150812_182047		1.400000E-8	6.299987E-9	1.000000E-9	1.099999E-8	8.5556	292.4036	
1439396448.213	20150812_182048		1.400000E-8	6.299987E-9	1.000000E-9	1.099999E-8	8.5556	292.4036	
1439396448.615	20150812_182048		1.400000E-8	6.299987E-9	1.000000E-9	1.099999E-8	8.5556	292.4036	
1439396448.930	20150812_182048		1.400000E-8	6.299987E-9	1.000000E-9	1.099999E-8	8.5556	292.4036	
1439396449.316	20150812_182049		1.400000E-8	6.299987E-9	1.000000E-9	1.099999E-8	8.5556	292.4036	
1439396449.716	20150812_182049		1.300000E-8	6.199987E-9	1.000000E-9	9.999992E-9	8.5556	292.4036	
1439396450.163	20150812_182050		1.300000E-8	6.199987E-9	1.000000E-9	9.999992E-9	8.5556	292.4036	
1439396450.519	20150812_182050		1.300000E-8	6.199987E-9	1.000000E-9	9.999992E-9	8.5556	292.4036	
1439396450.821	20150812_182050		1.300000E-8	6.199987E-9	1.000000E-9	9.999992E-9	8.5556	292.4036	
1439396451.220	20150812_182051		1.300000E-8	6.199987E-9	1.000000E-9	9.999992E-9	8.5556	292.4036	
1439396451.535	20150812_182051		1.400000E-8	6.299987E-9	1.000000E-9	9.999992E-9	8.5556	292.4036	
1439396451.922	20150812_182051		1.400000E-8	6.299987E-9	1.000000E-9	9.999992E-9	8.5556	292.4036	
1439396452.322	20150812_182052		1.400000E-8	6.299987E-9	1.000000E-9	9.999992E-9	8.5556	292.4036	
1439396452.722	20150812_182052		1.400000E-8	6.199987E-9	1.000000E-9	9.999992E-9	8.5556	292.4036	
1439396453.123	20150812_182053		1.400000E-8	6.199987E-9	1.000000E-9	9.999992E-9	8.5556	292.4036	
1439396453.522	20150812_182053		1.400000E-8	6.299987E-9	1.000000E-9	9.999992E-9	8.5556	292.4036	
1439396453.923	20150812_182053		1.400000E-8	6.299987E-9	1.000000E-9	9.999992E-9	8.5556	292.4036	
1439396454.223	20150812_182054		1.400000E-8	6.299987E-9	1.000000E-9	9.999992E-9	8.5556	292.4036	
1439396454.537	20150812_182054		1.400000E-8	6.299987E-9	1.000000E-9	9.999992E-9	8.5556	292.4036	
1439396454.938	20150812_182054		1.400000E-8	6.299987E-9	1.000000E-9	9.999992E-9	8.5556	292.4036	
1439396455.325	20150812_182055		1.400000E-8	6.299987E-9	1.000000E-9	9.999992E-9	8.5556	292.4036	
1439396455.725	20150812_182055		1.400000E-8	6.299987E-9	1.000000E-9	1.099999E-8	8.5556	292.4036	
1439396456.125	20150812_182056		1.400000E-8	6.299987E-9	1.000000E-9	1.099999E-8	8.5556	292.4036	
1439396456.525	20150812_182056		1.400000E-8	6.399987E-9	1.000000E-9	1.199999E-8	8.5556	292.4036	
1439396456.926	20150812_182056		1.400000E-8	6.399987E-9	1.000000E-9	1.199999E-8	8.5556	292.4036	
1439396457.325	20150812_182057		1.400000E-8	6.399987E-9	1.000000E-9	1.199999E-8	8.5556	292.4036	
1439396457.726	20150812_182057		1.400000E-8	6.299987E-9	1.000000E-9	1.199999E-8	8.5556	292.4036	
1439396458.130	20150812_182058		1.400000E-8	6.299987E-9	1.000000E-9	1.199999E-8	8.5556	292.4036	
1439396458.527	20150812_182058		1.400000E-8	6.199987E-9	1.000000E-9	1.099999E-8	8.5556	292.4036	
1439396458.927	20150812_182058		1.400000E-8	6.199987E-9	1.000000E-9	1.099999E-8	8.5556	292.4036	
1439396459.327	20150812_182059		1.400000E-8	6.199987E-9	1.000000E-9	1.099999E-8	8.5556	292.4036	
1439396459.772	20150812_182059		1.400000E-8	6.399987E-9	1.000000E-9	1.099999E-8	8.5556	292.4036	
1439396460.127	20150812_182100		1.400000E-8	6.399987E-9	1.000000E-9	1.099999E-8	8.5556	292.4036	
1439396460.529	20150812_182100		1.400000E-8	6.299987E-9	1.000000E-9	1.099999E-8	8.5556	292.4036	
1439396460.828	20150812_182100		1.400000E-8	6.299987E-9	1.000000E-9	1.099999E-8	8.5556	292.4036	
1439396461.142	20150812_182101		1.400000E-8	6.299987E-9	1.000000E-9	1.099999E-8	8.5556	292.4036	
1439396461.429	20150812_182101		1.400000E-8	6.299987E-9	1.000000E-9	1.099999E-8	8.5556	292.4036	
1439396461.731	20150812_182101		1.400000E-8	6.299987E-9	1.000000E-9	1.099999E-8	8.5556	292.4036	
1439396462.031	20150812_182102		1.400000E-8	6.299987E-9	1.000000E-9	1.099999E-8	8.5556	292.4036	
1439396462.331	20150812_182102		1.400000E-8	6.299987E-9	1.000000E-9	1.099999E-8	8.5556	292.4036	
1439396462.746	20150812_182102		1.300000E-8	6.299987E-9	1.000000E-9	1.099999E-8	8.5556	292.4036	
1439396463.133	20150812_182103		1.300000E-8	6.299987E-9	1.000000E-9	1.099999E-8	8.5556	292.4036	
1439396463.532	20150812_182103		1.400000E-8	6.299987E-9	1.000000E-9	1.099999E-8	8.5556	292.4036	
1439396463.933	20150812_182103		1.400000E-8	6.299987E-9	1.000000E-9	1.099999E-8	8.5556	292.4036	
1439396464.334	20150812_182104		1.400000E-8	6.299987E-9	1.000000E-9	1.099999E-8	8.5556	292.4036	
1439396464.733	20150812_182104		1.400000E-8	6.399987E-9	1.000000E-9	1.199999E-8	8.5556	292.4036	
1439396465.134	20150812_182105		1.400000E-8	6.399987E-9	1.000000E-9	1.199999E-8	8.5556	292.4036	
1439396465.532	20150812_182105		1.400000E-8	6.399987E-9	1.000000E-9	1.199999E-8	8.5556	292.4036	
1439396465.833	20150812_182105		1.400000E-8	6.399987E-9	1.000000E-9	1.199999E-8	8.5556	292.4036	
1439396466.148	20150812_182106		1.400000E-8	6.399987E-9	1.000000E-9	1.199999E-8	8.5556	292.4036	
1439396466.435	20150812_182106		1.300000E-8	6.299987E-9	1.000000E-9	1.099999E-8	8.5556	292.4036	
1439396466.848	20150812_182106		1.300000E-8	6.299987E-9	1.000000E-9	1.099999E-8	8.5556	292.4036	
1439396467.236	20150812_182107		1.300000E-8	6.299987E-9	1.000000E-9	1.099999E-8	8.5556	292.4036	
1439396467.636	20150812_182107		1.400000E-8	6.299987E-9	1.000000E-9	9.999992E-9	8.5556	292.4036	
1439396467.935	20150812_182107		1.400000E-8	6.299987E-9	1.000000E-9	9.999992E-9	8.5556	292.4036	
1439396468.335	20150812_182108		1.400000E-8	6.299987E-9	1.000000E-9	9.999992E-9	8.5556	292.4036	
1439396468.651	20150812_182108		1.400000E-8	6.299987E-9	1.000000E-9	9.999992E-9	8.5556	292.4036	
1439396469.036	20150812_182109		1.400000E-8	6.299987E-9	1.000000E-9	9.999992E-9	8.5556	292.4036	
1439396469.436	20150812_182109		1.400000E-8	6.199987E-9	1.000000E-9	9.999992E-9	8.5556	292.4036	
1439396469.836	20150812_182109		1.400000E-8	6.199987E-9	1.000000E-9	9.999992E-9	8.5556	292.4036	
1439396470.237	20150812_182110		1.400000E-8	6.199987E-9	1.000000E-9	9.999992E-9	8.5556	292.4036	
1439396470.637	20150812_182110		1.400000E-8	6.299987E-9	1.000000E-9	9.999992E-9	8.5556	292.4036	
1439396471.040	20150812_182111		1.400000E-8	6.299987E-9	1.000000E-9	9.999992E-9	8.5556	292.4036	
1439396471.439	20150812_182111		1.400000E-8	6.299987E-9	1.000000E-9	9.999992E-9	8.5556	292.4036	
1439396471.841	20150812_182111		1.400000E-8	6.299987E-9	1.000000E-9	9.999992E-9	8.5556	292.4036	
1439396472.140	20150812_182112		1.400000E-8	6.299987E-9	1.000000E-9	9.999992E-9	8.5556	292.4036	
1439396472.454	20150812_182112		1.400000E-8	6.299987E-9	1.000000E-9	9.999992E-9	8.5556	292.4036	
1439396472.854	20150812_182112		1.400000E-8	6.299987E-9	1.000000E-9	9.999992E-9	8.5556	292.4036	
1439396473.155	20150812_182113		1.400000E-8	6.299987E-9	1.000000E-9	9.999992E-9	8.5556	292.4036	
1439396473.456	20150812_182113		1.400000E-8	6.299987E-9	1.000000E-9	1.099999E-8	8.5556	292.4036	
1439396473.856	20150812_182113		1.400000E-8	6.299987E-9	1.000000E-9	1.099999E-8	8.5556	292.4036	
1439396474.241	20150812_182114		1.400000E-8	6.299987E-9	1.000000E-9	1.099999E-8	8.5556	292.4036	
1439396474.642	20150812_182114		1.400000E-8	6.299987E-9	1.000000E-9	1.099999E-8	8.5556	292.4036	
1439396475.043	20150812_182115		1.400000E-8	6.299987E-9	1.000000E-9	1.099999E-8	8.5556	292.4036	
1439396475.444	20150812_182115		1.400000E-8	6.299987E-9	1.000000E-9	1.199999E-8	8.5556	292.4036	
1439396475.844	20150812_182115		1.400000E-8	6.299987E-9	1.000000E-9	1.199999E-8	8.5556	292.4036	
1439396476.144	20150812_182116		1.400000E-8	6.299987E-9	1.000000E-9	1.199999E-8	8.5556	292.4036	
1439396476.545	20150812_182116		1.400000E-8	6.299987E-9	1.000000E-9	1.199999E-8	8.5556	292.4036	
1439396476.945	20150812_182116		1.400000E-8	6.299987E-9	1.000000E-9	1.199999E-8	8.5556	292.4036	
1439396477.348	20150812_182117		1.400000E-8	6.299987E-9	1.000000E-9	1.199999E-8	8.5556	292.4036	
1439396477.746	20150812_182117		1.400000E-8	6.299987E-9	1.000000E-9	1.099999E-8	8.5556	292.4036	
1439396478.148	20150812_182118		1.400000E-8	6.299987E-9	1.000000E-9	1.099999E-8	8.5556	292.4036	
1439396478.547	20150812_182118		1.400000E-8	6.299987E-9	1.000000E-9	1.099999E-8	8.5556	292.4036	
1439396478.847	20150812_182118		1.400000E-8	6.299987E-9	1.000000E-9	1.099999E-8	8.5556	292.4036	
1439396479.156	20150812_182119		1.400000E-8	6.299987E-9	1.000000E-9	1.099999E-8	8.5556	292.4036	
1439396479.562	20150812_182119		1.400000E-8	6.299987E-9	1.000000E-9	1.099999E-8	8.5556	292.4036	
1439396479.946	20150812_182119		1.400000E-8	6.299987E-9	1.000000E-9	1.099999E-8	8.5556	292.4036	
1439396480.346	20150812_182120		1.400000E-8	6.299987E-9	1.000000E-9	1.099999E-8	8.5556	292.4036	
1439396480.746	20150812_182120		1.400000E-8	6.299987E-9	1.000000E-9	1.199999E-8	8.5556	292.4036	
1439396481.147	20150812_182121		1.400000E-8	6.299987E-9	1.000000E-9	1.199999E-8	8.5556	292.4036	
1439396481.547	20150812_182121		1.400000E-8	6.399987E-9	1.000000E-9	1.199999E-8	8.5556	292.4036	
1439396481.948	20150812_182121		1.400000E-8	6.399987E-9	1.000000E-9	1.199999E-8	8.5556	292.4036	
1439396482.347	20150812_182122		1.400000E-8	6.399987E-9	1.000000E-9	1.199999E-8	8.5556	292.4036	
1439396482.748	20150812_182122		1.400000E-8	6.299987E-9	1.000000E-9	1.199999E-8	8.5556	292.4036	
1439396483.148	20150812_182123		1.400000E-8	6.299987E-9	1.000000E-9	1.199999E-8	8.5556	292.4036	
1439396483.549	20150812_182123		1.400000E-8	6.299987E-9	1.000000E-9	1.199999E-8	8.5556	292.4036	
1439396483.949	20150812_182123		1.400000E-8	6.299987E-9	1.000000E-9	1.199999E-8	8.5556	292.4036	
1439396484.348	20150812_182124		1.400000E-8	6.299987E-9	1.000000E-9	1.199999E-8	8.5556	292.4036	
1439396484.748	20150812_182124		1.400000E-8	6.299987E-9	1.000000E-9	1.099999E-8	8.5556	292.4036	
1439396485.150	20150812_182125		1.400000E-8	6.299987E-9	1.000000E-9	1.099999E-8	8.5556	292.4036	
1439396485.551	20150812_182125		1.400000E-8	6.199987E-9	1.000000E-9	9.999992E-9	8.5556	292.4036	
1439396485.952	20150812_182125		1.400000E-8	6.199987E-9	1.000000E-9	9.999992E-9	8.5556	292.4036	
1439396486.351	20150812_182126		1.400000E-8	6.199987E-9	1.000000E-9	9.999992E-9	8.5556	292.4036	
1439396486.752	20150812_182126		1.400000E-8	6.299987E-9	1.000000E-9	9.999992E-9	8.5556	292.4036	
1439396487.152	20150812_182127		1.400000E-8	6.299987E-9	1.000000E-9	9.999992E-9	8.5556	292.4036	
1439396487.553	20150812_182127		1.300000E-8	6.199987E-9	1.000000E-9	9.999992E-9	8.5556	292.4036	
1439396487.952	20150812_182127		1.300000E-8	6.199987E-9	1.000000E-9	9.999992E-9	8.5556	292.4036	
1439396488.352	20150812_182128		1.300000E-8	6.199987E-9	1.000000E-9	9.999992E-9	8.5556	292.4036	
1439396488.753	20150812_182128		1.400000E-8	6.199987E-9	1.000000E-9	9.999992E-9	8.5556	292.4036	
1439396489.152	20150812_182129		1.400000E-8	6.199987E-9	1.000000E-9	9.999992E-9	8.5556	292.4036	
1439396489.552	20150812_182129		1.400000E-8	6.299987E-9	1.000000E-9	9.999992E-9	8.5556	292.4036	
1439396489.953	20150812_182129		1.400000E-8	6.299987E-9	1.000000E-9	9.999992E-9	8.5556	292.4036	
1439396490.353	20150812_182130		1.400000E-8	6.299987E-9	1.000000E-9	9.999992E-9	8.5556	292.4036	
1439396490.652	20150812_182130		1.300000E-8	6.299987E-9	1.000000E-9	9.999992E-9	8.5556	292.4036	
1439396491.052	20150812_182131		1.300000E-8	6.299987E-9	1.000000E-9	9.999992E-9	8.5556	292.4036	
1439396491.453	20150812_182131		1.400000E-8	6.299987E-9	1.000000E-9	1.099999E-8	8.5556	292.4036	
1439396491.853	20150812_182131		1.400000E-8	6.299987E-9	1.000000E-9	1.099999E-8	8.5556	292.4036	
1439396492.254	20150812_182132		1.400000E-8	6.299987E-9	1.000000E-9	1.099999E-8	8.5556	292.4036	
1439396492.652	20150812_182132		1.400000E-8	6.399987E-9	1.000000E-9	1.099999E-8	8.5556	292.4036	
1439396493.055	20150812_182133		1.400000E-8	6.399987E-9	1.000000E-9	1.099999E-8	8.5556	292.4036	
1439396493.455	20150812_182133		1.400000E-8	6.399987E-9	1.000000E-9	1.199999E-8	8.5556	292.4036	
1439396493.856	20150812_182133		1.400000E-8	6.399987E-9	1.000000E-9	1.199999E-8	8.5556	292.4036	
1439396494.257	20150812_182134		1.400000E-8	6.399987E-9	1.000000E-9	1.199999E-8	8.5556	292.4036	
1439396494.655	20150812_182134		1.400000E-8	6.299987E-9	1.000000E-9	1.099999E-8	8.5556	292.4036	
1439396495.056	20150812_182135		1.400000E-8	6.299987E-9	1.000000E-9	1.099999E-8	8.5556	292.4036	
1439396495.457	20150812_182135		1.400000E-8	6.399987E-9	1.000000E-9	1.099999E-8	8.5556	292.4036	
1439396495.857	20150812_182135		1.400000E-8	6.399987E-9	1.000000E-9	1.099999E-8	8.5556	292.4036	
1439396496.257	20150812_182136		1.400000E-8	6.399987E-9	1.000000E-9	1.099999E-8	8.5556	292.4036	
1439396496.658	20150812_182136		1.400000E-8	6.399987E-9	1.000000E-9	1.099999E-8	8.5556	292.4036	
1439396496.958	20150812_182136		1.400000E-8	6.399987E-9	1.000000E-9	1.099999E-8	8.5556	292.4036	
1439396497.274	20150812_182137		1.400000E-8	6.399987E-9	1.000000E-9	1.099999E-8	8.5556	292.4036	
1439396497.673	20150812_182137		1.400000E-8	6.399987E-9	1.000000E-9	1.099999E-8	8.5556	292.4036	
1439396498.058	20150812_182138		1.400000E-8	6.399987E-9	1.000000E-9	1.099999E-8	8.5556	292.4036	
1439396498.460	20150812_182138		1.400000E-8	6.399987E-9	1.000000E-9	1.099999E-8	8.5556	292.4036	
1439396498.859	20150812_182138		1.400000E-8	6.399987E-9	1.000000E-9	1.099999E-8	8.5556	292.4036	
1439396499.259	20150812_182139		1.400000E-8	6.399987E-9	1.000000E-9	1.099999E-8	8.5556	292.4036	
1439396499.660	20150812_182139		1.400000E-8	6.399987E-9	1.000000E-9	1.199999E-8	8.5556	292.4036	
1439396499.960	20150812_182139		1.400000E-8	6.399987E-9	1.000000E-9	1.199999E-8	8.5556	292.4036	
1439396500.360	20150812_182140		1.400000E-8	6.399987E-9	1.000000E-9	1.199999E-8	8.5556	292.4036	
1439396500.761	20150812_182140		1.400000E-8	6.299987E-9	1.000000E-9	1.099999E-8	8.5556	292.4036	
1439396501.162	20150812_182141		1.400000E-8	6.299987E-9	1.000000E-9	1.099999E-8	8.5556	292.4036	
1439396501.583	20150812_182141		1.400000E-8	6.299987E-9	1.000000E-9	1.099999E-8	8.5556	292.4036	
1439396501.962	20150812_182141		1.400000E-8	6.299987E-9	1.000000E-9	1.099999E-8	8.5556	292.4036	
1439396502.263	20150812_182142		1.400000E-8	6.299987E-9	1.000000E-9	1.099999E-8	8.5556	292.4036	
1439396502.576	20150812_182142		1.400000E-8	6.299987E-9	1.000000E-9	1.099999E-8	8.5556	292.4036	
1439396502.862	20150812_182142		1.400000E-8	6.299987E-9	1.000000E-9	1.099999E-8	8.5556	292.4036	
1439396503.277	20150812_182143		1.400000E-8	6.299987E-9	1.000000E-9	1.099999E-8	8.5556	292.4036	
1439396503.576	20150812_182143		1.300000E-8	6.299987E-9	1.000000E-9	9.999992E-9	8.5556	292.4036	
1439396503.963	20150812_182143		1.300000E-8	6.299987E-9	1.000000E-9	9.999992E-9	8.5556	292.4036	
1439396504.277	20150812_182144		1.300000E-8	6.299987E-9	1.000000E-9	9.999992E-9	8.5556	292.4036	
1439396504.578	20150812_182144		1.300000E-8	6.199987E-9	1.000000E-9	9.999992E-9	8.5556	292.4036	
1439396504.978	20150812_182144		1.300000E-8	6.199987E-9	1.000000E-9	9.999992E-9	8.5556	292.4036	
1439396505.364	20150812_182145		1.300000E-8	6.199987E-9	1.000000E-9	9.999992E-9	8.5556	292.4036	
1439396505.784	20150812_182145		1.400000E-8	6.199987E-9	1.000000E-9	9.999992E-9	8.5556	292.4036	
1439396506.165	20150812_182146		1.400000E-8	6.199987E-9	1.000000E-9	9.999992E-9	8.5556	292.4036	
1439396506.466	20150812_182146		1.400000E-8	6.299987E-9	1.000000E-9	9.999992E-9	8.5556	292.4036	
1439396506.779	20150812_182146		1.400000E-8	6.299987E-9	1.000000E-9	9.999992E-9	8.5556	292.4036	
1439396507.180	20150812_182147		1.400000E-8	6.299987E-9	1.000000E-9	9.999992E-9	8.5556	292.4036	
1439396507.481	20150812_182147		1.300000E-8	6.199987E-9	1.000000E-9	9.999992E-9	8.5556	292.4036	
1439396507.867	20150812_182147		1.300000E-8	6.199987E-9	1.000000E-9	9.999992E-9	8.5556	292.4036	
1439396508.268	20150812_182148		1.300000E-8	6.199987E-9	1.000000E-9	9.999992E-9	8.5556	292.4036	
1439396508.669	20150812_182148		1.400000E-8	6.299987E-9	1.000000E-9	9.999992E-9	8.5556	292.4036	
1439396509.070	20150812_182149		1.400000E-8	6.299987E-9	1.000000E-9	9.999992E-9	8.5556	292.4036	
1439396509.470	20150812_182149		1.300000E-8	6.299987E-9	1.000000E-9	1.099999E-8	8.5556	292.4036	
1439396509.869	20150812_182149		1.300000E-8	6.299987E-9	1.000000E-9	1.099999E-8	8.5556	292.4036	
1439396510.270	20150812_182150		1.300000E-8	6.299987E-9	1.000000E-9	1.099999E-8	8.5556	292.4036	
1439396510.670	20150812_182150		1.400000E-8	6.299987E-9	1.000000E-9	1.099999E-8	8.5556	292.4036	
1439396511.071	20150812_182151		1.400000E-8	6.299987E-9	1.000000E-9	1.099999E-8	8.5556	292.4036	
1439396511.370	20150812_182151		1.400000E-8	6.299987E-9	1.000000E-9	1.099999E-8	8.5556	292.4036	
1439396511.685	20150812_182151		1.400000E-8	6.299987E-9	1.000000E-9	1.099999E-8	8.5556	292.4036	
1439396511.971	20150812_182151		1.400000E-8	6.299987E-9	1.000000E-9	1.099999E-8	8.5556	292.4036	
1439396512.386	20150812_182152		1.400000E-8	6.299987E-9	1.000000E-9	1.099999E-8	8.5556	292.4036	
1439396512.772	20150812_182152		1.400000E-8	6.299987E-9	1.000000E-9	1.099999E-8	8.5556	292.4036	
1439396513.173	20150812_182153		1.400000E-8	6.299987E-9	1.000000E-9	1.099999E-8	8.5556	292.4036	
1439396513.472	20150812_182153		1.400000E-8	6.299987E-9	1.000000E-9	1.099999E-8	8.5556	292.4036	
1439396513.873	20150812_182153		1.400000E-8	6.299987E-9	1.000000E-9	1.099999E-8	8.5556	292.4036	
1439396514.272	20150812_182154		1.400000E-8	6.299987E-9	1.000000E-9	1.099999E-8	8.5556	292.4036	
1439396514.673	20150812_182154		1.400000E-8	6.299987E-9	1.000000E-9	1.199999E-8	8.5556	292.4036	
1439396515.074	20150812_182155		1.400000E-8	6.299987E-9	1.000000E-9	1.199999E-8	8.5556	292.4036	
1439396515.473	20150812_182155		1.400000E-8	6.399987E-9	1.000000E-9	1.099999E-8	8.5556	292.4036	
1439396515.873	20150812_182155		1.400000E-8	6.399987E-9	1.000000E-9	1.099999E-8	8.5556	292.4036	
1439396516.274	20150812_182156		1.400000E-8	6.399987E-9	1.000000E-9	1.099999E-8	8.5556	292.4036	
1439396516.573	20150812_182156		1.400000E-8	6.299987E-9	1.000000E-9	1.099999E-8	8.5556	292.4036	
1439396516.889	20150812_182156		1.400000E-8	6.299987E-9	1.000000E-9	1.099999E-8	8.5556	292.4036	
1439396517.289	20150812_182157		1.400000E-8	6.299987E-9	1.000000E-9	1.099999E-8	8.5556	292.4036	
1439396518.478	20150812_182158		1.400000E-8	6.299987E-9	1.000000E-9	1.199999E-8	8.5556	292.4036	
1439396518.778	20150812_182158		1.400000E-8	6.299987E-9	1.000000E-9	1.199999E-8	8.5556	292.4036	
1439396519.078	20150812_182159		1.400000E-8	6.299987E-9	1.000000E-9	1.199999E-8	8.5556	292.4036	
1439396519.379	20150812_182159		1.400000E-8	6.299987E-9	1.000000E-9	1.199999E-8	8.5556	292.4036	
1439396519.678	20150812_182159		1.400000E-8	6.299987E-9	1.000000E-9	1.199999E-8	8.5556	292.4036	
1439396519.979	20150812_182159		1.400000E-8	6.299987E-9	1.000000E-9	1.199999E-8	8.5556	292.4036	
1439396520.280	20150812_182200		1.400000E-8	6.299987E-9	1.000000E-9	1.199999E-8	8.5556	292.4036	
1439396520.580	20150812_182200		1.400000E-8	6.299987E-9	1.000000E-9	1.099999E-8	8.5556	292.4036	
1439396521.815	20150812_182201		1.400000E-8	6.299987E-9	1.000000E-9	1.099999E-8	8.5556	292.4036	
1439396534.938	20150812_182214		1.400000E-8	6.299987E-9	1.000000E-9	1.199999E-8	8.5556	292.4036	
