acqUNIXTime	acqDateTimestamp	VGI_2(mbar)	VGI_1(mbar)	
1439559426.566	20150814_153706		5.899988E-9	1.099999E-8	
1439559427.566	20150814_153707		5.899988E-9	9.999992E-9	
1439559428.566	20150814_153708		5.799988E-9	9.999992E-9	
1439559429.586	20150814_153709		5.899988E-9	9.999992E-9	
1439559430.586	20150814_153710		5.799988E-9	9.999992E-9	
1439559431.586	20150814_153711		5.799988E-9	1.099999E-8	
1439559432.586	20150814_153712		5.799988E-9	9.999992E-9	
1439559433.516	20150814_153713		5.899988E-9	9.999992E-9	
1439559434.514	20150814_153714		5.699988E-9	1.099999E-8	
1439559435.515	20150814_153715		5.899988E-9	9.999992E-9	
1439559436.515	20150814_153716		5.899988E-9	1.099999E-8	
1439559436.752	20150814_153716		5.899988E-9	9.999992E-9	
1439559437.752	20150814_153717		5.999988E-9	1.099999E-8	
1439559438.752	20150814_153718		5.899988E-9	1.099999E-8	
1439559439.752	20150814_153719		5.799988E-9	1.099999E-8	
1439559440.752	20150814_153720		5.899988E-9	1.099999E-8	
1439559441.752	20150814_153721		5.699988E-9	1.099999E-8	
1439559442.751	20150814_153722		5.899988E-9	1.099999E-8	
1439559443.751	20150814_153723		5.799988E-9	1.099999E-8	
1439559444.751	20150814_153724		5.799988E-9	9.999992E-9	
1439559445.751	20150814_153725		5.899988E-9	9.999992E-9	
1439559446.751	20150814_153726		5.799988E-9	9.999992E-9	
1439559447.751	20150814_153727		5.899988E-9	9.999992E-9	
1439559448.751	20150814_153728		5.799988E-9	9.999992E-9	
1439559449.751	20150814_153729		5.899988E-9	9.999992E-9	
1439559450.751	20150814_153730		5.899988E-9	9.999992E-9	
1439559451.751	20150814_153731		5.899988E-9	1.099999E-8	
1439559452.509	20150814_153732		5.699988E-9	1.099999E-8	
1439559453.509	20150814_153733		5.899988E-9	9.999992E-9	
1439559454.509	20150814_153734		5.899988E-9	1.099999E-8	
1439559455.509	20150814_153735		5.899988E-9	1.099999E-8	
1439559456.509	20150814_153736		5.899988E-9	1.099999E-8	
1439559456.627	20150814_153736		5.899988E-9	9.999992E-9	
1439559457.627	20150814_153737		5.799988E-9	1.099999E-8	
1439559458.627	20150814_153738		5.899988E-9	1.099999E-8	
1439559459.626	20150814_153739		5.899988E-9	9.999992E-9	
1439559460.626	20150814_153740		5.899988E-9	1.099999E-8	
1439559461.503	20150814_153741		5.899988E-9	9.999992E-9	
1439559462.504	20150814_153742		5.999988E-9	1.099999E-8	
1439559463.504	20150814_153743		5.999988E-9	1.099999E-8	
1439559464.504	20150814_153744		5.899988E-9	1.099999E-8	
1439559465.504	20150814_153745		5.899988E-9	1.099999E-8	
1439559465.853	20150814_153745		5.899988E-9	1.099999E-8	
1439559466.653	20150814_153746		5.799988E-9	9.999992E-9	
1439559467.653	20150814_153747		6.099987E-9	1.099999E-8	
1439559468.653	20150814_153748		5.899988E-9	1.099999E-8	
1439559469.653	20150814_153749		5.999988E-9	1.099999E-8	
1439559470.653	20150814_153750		5.899988E-9	1.099999E-8	
1439559471.653	20150814_153751		5.999988E-9	1.099999E-8	
1439559472.653	20150814_153752		5.899988E-9	1.099999E-8	
1439559473.515	20150814_153753		5.899988E-9	1.099999E-8	
1439559474.515	20150814_153754		5.999988E-9	9.999992E-9	
1439559475.515	20150814_153755		5.999988E-9	1.099999E-8	
1439559476.515	20150814_153756		5.899988E-9	1.099999E-8	
1439559477.514	20150814_153757		5.999988E-9	1.099999E-8	
1439559478.514	20150814_153758		5.899988E-9	1.099999E-8	
1439559479.514	20150814_153759		5.899988E-9	1.099999E-8	
1439559479.554	20150814_153759		5.899988E-9	9.999992E-9	
1439559480.596	20150814_153800		5.999988E-9	1.099999E-8	
1439559481.596	20150814_153801		5.899988E-9	1.099999E-8	
1439559482.596	20150814_153802		5.899988E-9	1.099999E-8	
1439559483.573	20150814_153803		5.899988E-9	1.099999E-8	
1439559484.573	20150814_153804		5.999988E-9	9.999992E-9	
1439559485.573	20150814_153805		5.999988E-9	9.999992E-9	
1439559486.573	20150814_153806		5.999988E-9	1.099999E-8	
1439559487.573	20150814_153807		5.999988E-9	1.099999E-8	
1439559488.573	20150814_153808		5.999988E-9	1.099999E-8	
1439559489.573	20150814_153809		5.999988E-9	1.099999E-8	
1439559490.573	20150814_153810		5.999988E-9	1.099999E-8	
1439559491.502	20150814_153811		5.899988E-9	1.099999E-8	
1439559492.502	20150814_153812		5.999988E-9	9.999992E-9	
1439559493.502	20150814_153813		5.999988E-9	1.099999E-8	
1439559493.707	20150814_153813		5.999988E-9	1.099999E-8	
1439559494.706	20150814_153814		5.899988E-9	9.999992E-9	
1439559495.706	20150814_153815		5.899988E-9	1.099999E-8	
1439559496.537	20150814_153816		5.899988E-9	1.099999E-8	
1439559497.537	20150814_153817		5.799988E-9	9.999992E-9	
1439559498.537	20150814_153818		5.899988E-9	9.999992E-9	
1439559499.514	20150814_153819		5.799988E-9	9.999992E-9	
1439559500.515	20150814_153820		5.899988E-9	1.099999E-8	
1439559501.515	20150814_153821		5.899988E-9	9.999992E-9	
1439559502.515	20150814_153822		5.899988E-9	1.099999E-8	
1439559503.515	20150814_153823		5.899988E-9	9.999992E-9	
1439559504.515	20150814_153824		5.899988E-9	1.099999E-8	
1439559505.515	20150814_153825		5.899988E-9	9.999992E-9	
1439559506.515	20150814_153826		5.899988E-9	1.099999E-8	
1439559507.515	20150814_153827		5.899988E-9	1.099999E-8	
1439559508.510	20150814_153828		5.799988E-9	1.099999E-8	
1439559509.510	20150814_153829		5.899988E-9	9.999992E-9	
1439559509.718	20150814_153829		5.899988E-9	1.099999E-8	
