acqUNIXTime	acqDateTimestamp	VGHB_41738(mbar)	VGHB_41740(mbar)	VGI_2(°C)	VGHB_41779(°C)	VAC.VGI_3(°C)	VGI_1(°C)	VGHB_41752(°C)	
1439376321.459	20150812_124521		1.400000E-8	1.000000E+4	6.099987E-9	9.700000E-10	1.099999E-8	1.099999E-8	1.100000E-8	
1439376321.659	20150812_124521		1.400000E-8	1.000000E+4	6.099987E-9	9.700000E-10	1.099999E-8	1.099999E-8	1.100000E-8	
1439376321.859	20150812_124521		1.400000E-8	1.000000E+4	6.099987E-9	9.700000E-10	1.099999E-8	1.099999E-8	1.100000E-8	
1439376322.059	20150812_124522		1.400000E-8	1.000000E+4	6.099987E-9	9.700000E-10	1.099999E-8	1.099999E-8	1.100000E-8	
1439376322.259	20150812_124522		1.400000E-8	1.000000E+4	6.099987E-9	9.700000E-10	1.099999E-8	1.099999E-8	1.100000E-8	
1439376322.483	20150812_124522		1.400000E-8	1.000000E+4	6.099987E-9	9.700000E-10	1.099999E-8	1.099999E-8	1.100000E-8	
1439376322.681	20150812_124522		1.400000E-8	1.000000E+4	6.099987E-9	9.700000E-10	1.099999E-8	1.099999E-8	1.100000E-8	
1439376322.921	20150812_124522		1.400000E-8	1.000000E+4	6.099987E-9	9.700000E-10	1.099999E-8	1.099999E-8	1.100000E-8	
1439376323.159	20150812_124523		1.400000E-8	1.000000E+4	6.099987E-9	9.700000E-10	1.099999E-8	1.099999E-8	1.100000E-8	
1439376323.359	20150812_124523		1.400000E-8	1.000000E+4	6.099987E-9	9.700000E-10	1.099999E-8	1.099999E-8	1.100000E-8	
1439376323.560	20150812_124523		1.400000E-8	1.000000E+4	6.099987E-9	9.700000E-10	1.099999E-8	1.099999E-8	1.100000E-8	
1439376323.760	20150812_124523		1.400000E-8	1.000000E+4	6.099987E-9	9.700000E-10	1.099999E-8	1.099999E-8	1.100000E-8	
1439376323.960	20150812_124523		1.400000E-8	1.000000E+4	6.099987E-9	9.700000E-10	1.099999E-8	1.099999E-8	1.100000E-8	
1439376324.184	20150812_124524		1.400000E-8	1.000000E+4	6.099987E-9	9.700000E-10	1.099999E-8	1.099999E-8	1.100000E-8	
1439376324.382	20150812_124524		1.400000E-8	1.000000E+4	6.099987E-9	9.700000E-10	1.099999E-8	1.099999E-8	1.100000E-8	
1439376324.582	20150812_124524		1.400000E-8	1.000000E+4	6.099987E-9	9.700000E-10	1.099999E-8	1.099999E-8	1.100000E-8	
1439376324.782	20150812_124524		1.400000E-8	1.000000E+4	6.099987E-9	9.700000E-10	1.099999E-8	1.099999E-8	1.100000E-8	
1439376324.984	20150812_124524		1.400000E-8	1.000000E+4	6.099987E-9	9.700000E-10	1.099999E-8	1.099999E-8	1.100000E-8	
1439376325.183	20150812_124525		1.400000E-8	1.000000E+4	6.099987E-9	9.700000E-10	1.099999E-8	1.099999E-8	1.100000E-8	
1439376325.383	20150812_124525		1.400000E-8	1.000000E+4	5.999988E-9	9.700000E-10	1.099999E-8	1.099999E-8	1.100000E-8	
1439376325.584	20150812_124525		1.400000E-8	1.000000E+4	5.999988E-9	9.700000E-10	1.099999E-8	1.099999E-8	1.100000E-8	
1439376325.785	20150812_124525		1.400000E-8	1.000000E+4	5.999988E-9	9.700000E-10	1.099999E-8	1.099999E-8	1.100000E-8	
1439376325.984	20150812_124525		1.400000E-8	1.000000E+4	5.999988E-9	9.700000E-10	1.099999E-8	1.099999E-8	1.100000E-8	
1439376326.184	20150812_124526		1.400000E-8	1.000000E+4	5.999988E-9	9.700000E-10	1.099999E-8	1.099999E-8	1.100000E-8	
1439376326.383	20150812_124526		1.400000E-8	1.000000E+4	6.199987E-9	9.700000E-10	1.099999E-8	1.099999E-8	1.100000E-8	
1439376326.582	20150812_124526		1.400000E-8	1.000000E+4	6.199987E-9	9.700000E-10	1.099999E-8	1.099999E-8	1.100000E-8	
1439376326.783	20150812_124526		1.400000E-8	1.000000E+4	6.199987E-9	9.700000E-10	1.099999E-8	1.099999E-8	1.100000E-8	
1439376326.984	20150812_124526		1.400000E-8	1.000000E+4	6.199987E-9	9.700000E-10	1.099999E-8	1.099999E-8	1.100000E-8	
1439376327.184	20150812_124527		1.400000E-8	1.000000E+4	6.199987E-9	9.700000E-10	1.099999E-8	1.099999E-8	1.100000E-8	
1439376327.384	20150812_124527		1.400000E-8	1.000000E+4	6.099987E-9	9.700000E-10	1.099999E-8	1.099999E-8	1.100000E-8	
1439376327.585	20150812_124527		1.400000E-8	1.000000E+4	6.099987E-9	9.700000E-10	1.099999E-8	1.099999E-8	1.100000E-8	
1439376327.786	20150812_124527		1.400000E-8	1.000000E+4	6.099987E-9	9.700000E-10	1.099999E-8	1.099999E-8	1.100000E-8	
1439376327.987	20150812_124527		1.400000E-8	1.000000E+4	6.099987E-9	9.700000E-10	1.099999E-8	1.099999E-8	1.100000E-8	
1439376328.186	20150812_124528		1.400000E-8	1.000000E+4	6.099987E-9	9.700000E-10	1.099999E-8	1.099999E-8	1.100000E-8	
1439376328.388	20150812_124528		1.400000E-8	1.000000E+4	6.199987E-9	9.700000E-10	1.099999E-8	1.099999E-8	1.100000E-8	
1439376328.588	20150812_124528		1.400000E-8	1.000000E+4	6.199987E-9	9.700000E-10	1.099999E-8	1.099999E-8	1.100000E-8	
1439376328.787	20150812_124528		1.400000E-8	1.000000E+4	6.199987E-9	9.700000E-10	1.099999E-8	1.099999E-8	1.100000E-8	
1439376328.987	20150812_124528		1.400000E-8	1.000000E+4	6.199987E-9	9.700000E-10	1.099999E-8	1.099999E-8	1.100000E-8	
1439376329.189	20150812_124529		1.400000E-8	1.000000E+4	6.199987E-9	9.700000E-10	1.099999E-8	1.099999E-8	1.100000E-8	
1439376329.390	20150812_124529		1.400000E-8	1.000000E+4	6.099987E-9	9.700000E-10	1.099999E-8	1.099999E-8	1.100000E-8	
1439376329.588	20150812_124529		1.400000E-8	1.000000E+4	6.099987E-9	9.700000E-10	1.099999E-8	1.099999E-8	1.100000E-8	
1439376329.789	20150812_124529		1.400000E-8	1.000000E+4	6.099987E-9	9.700000E-10	1.099999E-8	1.099999E-8	1.100000E-8	
1439376329.992	20150812_124529		1.400000E-8	1.000000E+4	6.099987E-9	9.700000E-10	1.099999E-8	1.099999E-8	1.100000E-8	
1439376330.191	20150812_124530		1.400000E-8	1.000000E+4	6.099987E-9	9.700000E-10	1.099999E-8	1.099999E-8	1.100000E-8	
1439376330.391	20150812_124530		1.400000E-8	1.000000E+4	6.099987E-9	9.700000E-10	1.099999E-8	1.099999E-8	1.100000E-8	
1439376330.591	20150812_124530		1.400000E-8	1.000000E+4	6.099987E-9	9.700000E-10	1.099999E-8	1.099999E-8	1.100000E-8	
1439376330.794	20150812_124530		1.400000E-8	1.000000E+4	6.099987E-9	9.700000E-10	1.099999E-8	1.099999E-8	1.100000E-8	
1439376330.994	20150812_124530		1.400000E-8	1.000000E+4	6.099987E-9	9.700000E-10	1.099999E-8	1.099999E-8	1.100000E-8	
1439376331.194	20150812_124531		1.400000E-8	1.000000E+4	6.099987E-9	9.700000E-10	1.099999E-8	1.099999E-8	1.100000E-8	
1439376331.393	20150812_124531		1.400000E-8	1.000000E+4	6.199987E-9	9.700000E-10	1.099999E-8	1.099999E-8	1.100000E-8	
1439376331.675	20150812_124531		1.400000E-8	1.000000E+4	6.199987E-9	9.700000E-10	1.099999E-8	1.099999E-8	1.100000E-8	
1439376331.876	20150812_124531		1.400000E-8	1.000000E+4	6.199987E-9	9.700000E-10	1.099999E-8	1.099999E-8	1.100000E-8	
1439376332.075	20150812_124532		1.400000E-8	1.000000E+4	6.199987E-9	9.700000E-10	1.099999E-8	1.099999E-8	1.100000E-8	
1439376332.277	20150812_124532		1.400000E-8	1.000000E+4	6.199987E-9	9.700000E-10	1.099999E-8	1.099999E-8	1.100000E-8	
1439376332.477	20150812_124532		1.400000E-8	1.000000E+4	6.099987E-9	9.700000E-10	1.099999E-8	1.099999E-8	1.100000E-8	
1439376332.698	20150812_124532		1.400000E-8	1.000000E+4	6.099987E-9	9.700000E-10	1.099999E-8	1.099999E-8	1.100000E-8	
1439376332.899	20150812_124532		1.400000E-8	1.000000E+4	6.099987E-9	9.700000E-10	1.099999E-8	1.099999E-8	1.100000E-8	
1439376333.099	20150812_124533		1.400000E-8	1.000000E+4	6.099987E-9	9.700000E-10	1.099999E-8	1.099999E-8	1.100000E-8	
1439376333.299	20150812_124533		1.400000E-8	1.000000E+4	6.099987E-9	9.700000E-10	1.099999E-8	1.099999E-8	1.100000E-8	
1439376333.499	20150812_124533		1.400000E-8	1.000000E+4	6.199987E-9	9.700000E-10	1.099999E-8	1.099999E-8	1.100000E-8	
1439376333.700	20150812_124533		1.400000E-8	1.000000E+4	6.199987E-9	9.700000E-10	1.099999E-8	1.099999E-8	1.100000E-8	
1439376333.978	20150812_124533		1.400000E-8	1.000000E+4	6.199987E-9	9.700000E-10	1.099999E-8	1.099999E-8	1.100000E-8	
1439376334.178	20150812_124534		1.400000E-8	1.000000E+4	6.199987E-9	9.700000E-10	1.099999E-8	1.099999E-8	1.100000E-8	
1439376334.379	20150812_124534		1.400000E-8	1.000000E+4	6.099987E-9	9.700000E-10	1.099999E-8	1.099999E-8	1.100000E-8	
1439376334.578	20150812_124534		1.400000E-8	1.000000E+4	6.099987E-9	9.700000E-10	1.099999E-8	1.099999E-8	1.100000E-8	
1439376334.780	20150812_124534		1.400000E-8	1.000000E+4	6.099987E-9	9.700000E-10	1.099999E-8	1.099999E-8	1.100000E-8	
1439376335.004	20150812_124535		1.400000E-8	1.000000E+4	6.099987E-9	9.700000E-10	1.099999E-8	1.099999E-8	1.100000E-8	
1439376335.202	20150812_124535		1.400000E-8	1.000000E+4	6.099987E-9	9.700000E-10	1.099999E-8	1.099999E-8	1.100000E-8	
1439376335.404	20150812_124535		1.400000E-8	1.000000E+4	6.099987E-9	9.700000E-10	1.099999E-8	1.099999E-8	1.100000E-8	
1439376335.603	20150812_124535		1.400000E-8	1.000000E+4	6.099987E-9	9.700000E-10	1.099999E-8	1.099999E-8	1.100000E-8	
1439376335.805	20150812_124535		1.400000E-8	1.000000E+4	6.099987E-9	9.700000E-10	1.099999E-8	1.099999E-8	1.100000E-8	
1439376336.006	20150812_124536		1.400000E-8	1.000000E+4	6.099987E-9	9.700000E-10	1.099999E-8	1.099999E-8	1.100000E-8	
1439376336.202	20150812_124536		1.400000E-8	1.000000E+4	6.099987E-9	9.700000E-10	1.099999E-8	1.099999E-8	1.100000E-8	
1439376336.485	20150812_124536		1.400000E-8	1.000000E+4	6.099987E-9	9.700000E-10	1.199999E-8	1.099999E-8	1.100000E-8	
1439376336.684	20150812_124536		1.400000E-8	1.000000E+4	6.099987E-9	9.700000E-10	1.199999E-8	1.099999E-8	1.100000E-8	
1439376336.884	20150812_124536		1.400000E-8	1.000000E+4	6.099987E-9	9.700000E-10	1.199999E-8	1.099999E-8	1.100000E-8	
1439376337.085	20150812_124537		1.400000E-8	1.000000E+4	6.099987E-9	9.700000E-10	1.199999E-8	1.099999E-8	1.100000E-8	
1439376337.284	20150812_124537		1.400000E-8	1.000000E+4	6.099987E-9	9.700000E-10	1.199999E-8	1.099999E-8	1.100000E-8	
1439376337.507	20150812_124537		1.400000E-8	1.000000E+4	6.099987E-9	9.700000E-10	1.099999E-8	1.099999E-8	1.100000E-8	
1439376337.706	20150812_124537		1.400000E-8	1.000000E+4	6.099987E-9	9.700000E-10	1.099999E-8	1.099999E-8	1.100000E-8	
1439376337.906	20150812_124537		1.400000E-8	1.000000E+4	6.099987E-9	9.700000E-10	1.099999E-8	1.099999E-8	1.100000E-8	
1439376338.110	20150812_124538		1.400000E-8	1.000000E+4	6.099987E-9	9.700000E-10	1.099999E-8	1.099999E-8	1.100000E-8	
1439376338.309	20150812_124538		1.400000E-8	1.000000E+4	6.099987E-9	9.700000E-10	1.099999E-8	1.099999E-8	1.100000E-8	
1439376338.510	20150812_124538		1.400000E-8	1.000000E+4	6.199987E-9	9.700000E-10	1.099999E-8	1.099999E-8	1.100000E-8	
1439376338.711	20150812_124538		1.400000E-8	1.000000E+4	6.199987E-9	9.700000E-10	1.099999E-8	1.099999E-8	1.100000E-8	
1439376338.910	20150812_124538		1.400000E-8	1.000000E+4	6.199987E-9	9.700000E-10	1.099999E-8	1.099999E-8	1.100000E-8	
1439376339.110	20150812_124539		1.400000E-8	1.000000E+4	6.199987E-9	9.700000E-10	1.099999E-8	1.099999E-8	1.100000E-8	
1439376339.311	20150812_124539		1.400000E-8	1.000000E+4	6.199987E-9	9.700000E-10	1.099999E-8	1.099999E-8	1.100000E-8	
1439376339.511	20150812_124539		1.400000E-8	1.000000E+4	6.199987E-9	9.700000E-10	1.099999E-8	1.099999E-8	1.100000E-8	
1439376339.713	20150812_124539		1.400000E-8	1.000000E+4	6.199987E-9	9.700000E-10	1.099999E-8	1.099999E-8	1.100000E-8	
1439376339.915	20150812_124539		1.400000E-8	1.000000E+4	6.199987E-9	9.700000E-10	1.099999E-8	1.099999E-8	1.100000E-8	
1439376340.112	20150812_124540		1.400000E-8	1.000000E+4	6.199987E-9	9.700000E-10	1.099999E-8	1.099999E-8	1.100000E-8	
1439376340.313	20150812_124540		1.400000E-8	1.000000E+4	6.199987E-9	9.700000E-10	1.099999E-8	1.099999E-8	1.100000E-8	
1439376340.513	20150812_124540		1.400000E-8	1.000000E+4	6.199987E-9	9.700000E-10	1.099999E-8	1.099999E-8	1.100000E-8	
1439376340.713	20150812_124540		1.400000E-8	1.000000E+4	6.199987E-9	9.700000E-10	1.099999E-8	1.099999E-8	1.100000E-8	
1439376340.914	20150812_124540		1.400000E-8	1.000000E+4	6.199987E-9	9.700000E-10	1.099999E-8	1.099999E-8	1.100000E-8	
1439376341.089	20150812_124541		1.400000E-8	1.000000E+4	6.199987E-9	9.700000E-10	1.099999E-8	1.099999E-8	1.100000E-8	
1439376341.314	20150812_124541		1.400000E-8	1.000000E+4	6.199987E-9	9.700000E-10	1.099999E-8	1.099999E-8	1.100000E-8	
1439376341.512	20150812_124541		1.400000E-8	1.000000E+4	6.099987E-9	9.700000E-10	1.099999E-8	1.099999E-8	1.100000E-8	
1439376341.791	20150812_124541		1.400000E-8	1.000000E+4	6.099987E-9	9.700000E-10	1.099999E-8	1.099999E-8	1.100000E-8	
1439376341.990	20150812_124541		1.400000E-8	1.000000E+4	6.099987E-9	9.700000E-10	1.099999E-8	1.099999E-8	1.100000E-8	
1439376342.190	20150812_124542		1.400000E-8	1.000000E+4	6.099987E-9	9.700000E-10	1.099999E-8	1.099999E-8	1.100000E-8	
1439376342.391	20150812_124542		1.400000E-8	1.000000E+4	6.099987E-9	9.700000E-10	1.099999E-8	1.099999E-8	1.100000E-8	
1439376342.591	20150812_124542		1.400000E-8	1.000000E+4	6.099987E-9	9.700000E-10	1.099999E-8	1.099999E-8	1.100000E-8	
1439376342.813	20150812_124542		1.400000E-8	1.000000E+4	6.099987E-9	9.700000E-10	1.099999E-8	1.099999E-8	1.100000E-8	
1439376343.012	20150812_124543		1.400000E-8	1.000000E+4	6.099987E-9	9.700000E-10	1.099999E-8	1.099999E-8	1.100000E-8	
1439376343.212	20150812_124543		1.400000E-8	1.000000E+4	6.099987E-9	9.700000E-10	1.099999E-8	1.099999E-8	1.100000E-8	
1439376343.414	20150812_124543		1.400000E-8	1.000000E+4	6.199987E-9	9.700000E-10	1.099999E-8	1.099999E-8	1.100000E-8	
1439376343.615	20150812_124543		1.400000E-8	1.000000E+4	6.199987E-9	9.700000E-10	1.099999E-8	1.099999E-8	1.100000E-8	
1439376343.815	20150812_124543		1.400000E-8	1.000000E+4	6.199987E-9	9.700000E-10	1.099999E-8	1.099999E-8	1.100000E-8	
1439376344.014	20150812_124544		1.400000E-8	1.000000E+4	6.199987E-9	9.700000E-10	1.099999E-8	1.099999E-8	1.100000E-8	
1439376344.214	20150812_124544		1.400000E-8	1.000000E+4	6.199987E-9	9.700000E-10	1.099999E-8	1.099999E-8	1.100000E-8	
1439376344.416	20150812_124544		1.400000E-8	1.000000E+4	6.199987E-9	9.700000E-10	1.099999E-8	1.099999E-8	1.100000E-8	
1439376344.615	20150812_124544		1.400000E-8	1.000000E+4	6.199987E-9	9.700000E-10	1.099999E-8	1.099999E-8	1.100000E-8	
1439376344.815	20150812_124544		1.400000E-8	1.000000E+4	6.199987E-9	9.700000E-10	1.099999E-8	1.099999E-8	1.100000E-8	
1439376345.016	20150812_124545		1.400000E-8	1.000000E+4	6.199987E-9	9.700000E-10	1.099999E-8	1.099999E-8	1.100000E-8	
1439376345.216	20150812_124545		1.400000E-8	1.000000E+4	6.199987E-9	9.700000E-10	1.099999E-8	1.099999E-8	1.100000E-8	
1439376345.417	20150812_124545		1.400000E-8	1.000000E+4	6.199987E-9	9.700000E-10	1.099999E-8	1.099999E-8	1.100000E-8	
1439376345.614	20150812_124545		1.400000E-8	1.000000E+4	6.199987E-9	9.700000E-10	1.099999E-8	1.099999E-8	1.100000E-8	
1439376345.814	20150812_124545		1.400000E-8	1.000000E+4	6.199987E-9	9.700000E-10	1.099999E-8	1.099999E-8	1.100000E-8	
1439376346.014	20150812_124546		1.400000E-8	1.000000E+4	6.199987E-9	9.700000E-10	1.099999E-8	1.099999E-8	1.100000E-8	
1439376346.217	20150812_124546		1.400000E-8	1.000000E+4	6.199987E-9	9.700000E-10	1.099999E-8	1.099999E-8	1.100000E-8	
1439376346.417	20150812_124546		1.400000E-8	1.000000E+4	6.199987E-9	9.700000E-10	1.099999E-8	1.099999E-8	1.100000E-8	
1439376346.617	20150812_124546		1.400000E-8	1.000000E+4	6.199987E-9	9.700000E-10	1.099999E-8	1.099999E-8	1.100000E-8	
1439376346.817	20150812_124546		1.400000E-8	1.000000E+4	6.199987E-9	9.700000E-10	1.099999E-8	1.099999E-8	1.100000E-8	
1439376347.017	20150812_124547		1.400000E-8	1.000000E+4	6.199987E-9	9.700000E-10	1.099999E-8	1.099999E-8	1.100000E-8	
1439376347.214	20150812_124547		1.400000E-8	1.000000E+4	6.199987E-9	9.700000E-10	1.099999E-8	1.099999E-8	1.100000E-8	
1439376347.415	20150812_124547		1.400000E-8	1.000000E+4	6.199987E-9	9.700000E-10	1.099999E-8	1.099999E-8	1.100000E-8	
1439376347.615	20150812_124547		1.400000E-8	1.000000E+4	6.199987E-9	9.700000E-10	1.099999E-8	1.099999E-8	1.100000E-8	
1439376347.817	20150812_124547		1.400000E-8	1.000000E+4	6.199987E-9	9.700000E-10	1.099999E-8	1.099999E-8	1.100000E-8	
1439376348.017	20150812_124548		1.400000E-8	1.000000E+4	6.199987E-9	9.700000E-10	1.099999E-8	1.099999E-8	1.100000E-8	
1439376348.217	20150812_124548		1.400000E-8	1.000000E+4	6.199987E-9	9.700000E-10	1.099999E-8	1.099999E-8	1.100000E-8	
1439376348.417	20150812_124548		1.400000E-8	1.000000E+4	6.099987E-9	9.700000E-10	1.199999E-8	1.099999E-8	1.100000E-8	
1439376348.618	20150812_124548		1.400000E-8	1.000000E+4	6.099987E-9	9.700000E-10	1.199999E-8	1.099999E-8	1.100000E-8	
1439376348.819	20150812_124548		1.400000E-8	1.000000E+4	6.099987E-9	9.700000E-10	1.199999E-8	1.099999E-8	1.100000E-8	
1439376349.017	20150812_124549		1.400000E-8	1.000000E+4	6.099987E-9	9.700000E-10	1.199999E-8	1.099999E-8	1.100000E-8	
1439376349.217	20150812_124549		1.400000E-8	1.000000E+4	6.099987E-9	9.700000E-10	1.199999E-8	1.099999E-8	1.100000E-8	
1439376349.417	20150812_124549		1.400000E-8	1.000000E+4	6.099987E-9	9.700000E-10	1.099999E-8	1.099999E-8	1.100000E-8	
1439376349.620	20150812_124549		1.400000E-8	1.000000E+4	6.099987E-9	9.700000E-10	1.099999E-8	1.099999E-8	1.100000E-8	
1439376349.817	20150812_124549		1.400000E-8	1.000000E+4	6.099987E-9	9.700000E-10	1.099999E-8	1.099999E-8	1.100000E-8	
1439376350.020	20150812_124550		1.400000E-8	1.000000E+4	6.099987E-9	9.700000E-10	1.099999E-8	1.099999E-8	1.100000E-8	
1439376350.219	20150812_124550		1.400000E-8	1.000000E+4	6.099987E-9	9.700000E-10	1.099999E-8	1.099999E-8	1.100000E-8	
1439376350.420	20150812_124550		1.400000E-8	1.000000E+4	6.099987E-9	9.700000E-10	1.099999E-8	1.099999E-8	1.100000E-8	
1439376350.620	20150812_124550		1.400000E-8	1.000000E+4	6.099987E-9	9.700000E-10	1.099999E-8	1.099999E-8	1.100000E-8	
1439376350.820	20150812_124550		1.400000E-8	1.000000E+4	6.099987E-9	9.700000E-10	1.099999E-8	1.099999E-8	1.100000E-8	
1439376351.020	20150812_124551		1.400000E-8	1.000000E+4	6.099987E-9	9.700000E-10	1.099999E-8	1.099999E-8	1.100000E-8	
1439376351.220	20150812_124551		1.400000E-8	1.000000E+4	6.099987E-9	9.700000E-10	1.099999E-8	1.099999E-8	1.100000E-8	
1439376351.421	20150812_124551		1.400000E-8	1.000000E+4	6.099987E-9	9.700000E-10	1.099999E-8	1.099999E-8	1.100000E-8	
1439376351.618	20150812_124551		1.400000E-8	1.000000E+4	6.099987E-9	9.700000E-10	1.099999E-8	1.099999E-8	1.100000E-8	
1439376351.896	20150812_124551		1.400000E-8	1.000000E+4	6.099987E-9	9.700000E-10	1.099999E-8	1.099999E-8	1.100000E-8	
1439376352.097	20150812_124552		1.400000E-8	1.000000E+4	6.099987E-9	9.700000E-10	1.099999E-8	1.099999E-8	1.100000E-8	
1439376352.296	20150812_124552		1.400000E-8	1.000000E+4	6.099987E-9	9.700000E-10	1.099999E-8	1.099999E-8	1.100000E-8	
1439376352.497	20150812_124552		1.400000E-8	1.000000E+4	6.099987E-9	9.700000E-10	1.099999E-8	1.099999E-8	1.100000E-8	
1439376352.697	20150812_124552		1.400000E-8	1.000000E+4	6.099987E-9	9.700000E-10	1.099999E-8	1.099999E-8	1.100000E-8	
1439376352.920	20150812_124552		1.400000E-8	1.000000E+4	6.099987E-9	9.700000E-10	1.099999E-8	1.099999E-8	1.100000E-8	
1439376353.120	20150812_124553		1.400000E-8	1.000000E+4	6.099987E-9	9.700000E-10	1.099999E-8	1.099999E-8	1.100000E-8	
1439376353.321	20150812_124553		1.400000E-8	1.000000E+4	6.099987E-9	9.700000E-10	1.099999E-8	1.099999E-8	1.100000E-8	
1439376353.520	20150812_124553		1.400000E-8	1.000000E+4	6.099987E-9	9.700000E-10	1.099999E-8	1.099999E-8	1.100000E-8	
1439376353.720	20150812_124553		1.400000E-8	1.000000E+4	6.099987E-9	9.700000E-10	1.099999E-8	1.099999E-8	1.100000E-8	
1439376353.923	20150812_124553		1.400000E-8	1.000000E+4	6.099987E-9	9.700000E-10	1.099999E-8	1.099999E-8	1.100000E-8	
1439376354.123	20150812_124554		1.400000E-8	1.000000E+4	6.099987E-9	9.700000E-10	1.099999E-8	1.099999E-8	1.100000E-8	
1439376354.322	20150812_124554		1.400000E-8	1.000000E+4	6.099987E-9	9.700000E-10	1.199999E-8	1.099999E-8	1.100000E-8	
1439376354.522	20150812_124554		1.400000E-8	1.000000E+4	6.099987E-9	9.700000E-10	1.199999E-8	1.099999E-8	1.100000E-8	
1439376354.722	20150812_124554		1.400000E-8	1.000000E+4	6.099987E-9	9.700000E-10	1.199999E-8	1.099999E-8	1.100000E-8	
1439376354.923	20150812_124554		1.400000E-8	1.000000E+4	6.099987E-9	9.700000E-10	1.199999E-8	1.099999E-8	1.100000E-8	
1439376355.123	20150812_124555		1.400000E-8	1.000000E+4	6.099987E-9	9.700000E-10	1.199999E-8	1.099999E-8	1.100000E-8	
1439376355.321	20150812_124555		1.400000E-8	1.000000E+4	5.999988E-9	9.700000E-10	1.199999E-8	1.099999E-8	1.100000E-8	
1439376355.524	20150812_124555		1.400000E-8	1.000000E+4	5.999988E-9	9.700000E-10	1.199999E-8	1.099999E-8	1.100000E-8	
1439376355.724	20150812_124555		1.400000E-8	1.000000E+4	5.999988E-9	9.700000E-10	1.199999E-8	1.099999E-8	1.100000E-8	
1439376355.922	20150812_124555		1.400000E-8	1.000000E+4	5.999988E-9	9.700000E-10	1.199999E-8	1.099999E-8	1.100000E-8	
1439376356.123	20150812_124556		1.400000E-8	1.000000E+4	5.999988E-9	9.700000E-10	1.199999E-8	1.099999E-8	1.100000E-8	
1439376356.323	20150812_124556		1.400000E-8	1.000000E+4	6.099987E-9	9.700000E-10	1.099999E-8	1.099999E-8	1.100000E-8	
1439376356.523	20150812_124556		1.400000E-8	1.000000E+4	6.099987E-9	9.700000E-10	1.099999E-8	1.099999E-8	1.100000E-8	
1439376356.723	20150812_124556		1.400000E-8	1.000000E+4	6.099987E-9	9.700000E-10	1.099999E-8	1.099999E-8	1.100000E-8	
1439376356.924	20150812_124556		1.400000E-8	1.000000E+4	6.099987E-9	9.700000E-10	1.099999E-8	1.099999E-8	1.100000E-8	
1439376357.124	20150812_124557		1.400000E-8	1.000000E+4	6.099987E-9	9.700000E-10	1.099999E-8	1.099999E-8	1.100000E-8	
1439376357.324	20150812_124557		1.400000E-8	1.000000E+4	6.099987E-9	9.700000E-10	1.199999E-8	1.099999E-8	1.100000E-8	
1439376357.524	20150812_124557		1.400000E-8	1.000000E+4	6.099987E-9	9.700000E-10	1.199999E-8	1.099999E-8	1.100000E-8	
1439376357.724	20150812_124557		1.400000E-8	1.000000E+4	6.099987E-9	9.700000E-10	1.199999E-8	1.099999E-8	1.100000E-8	
1439376357.923	20150812_124557		1.400000E-8	1.000000E+4	6.099987E-9	9.700000E-10	1.199999E-8	1.099999E-8	1.100000E-8	
1439376358.122	20150812_124558		1.400000E-8	1.000000E+4	6.099987E-9	9.700000E-10	1.199999E-8	1.099999E-8	1.100000E-8	
1439376358.322	20150812_124558		1.400000E-8	1.000000E+4	6.099987E-9	9.700000E-10	1.199999E-8	1.099999E-8	1.100000E-8	
1439376358.523	20150812_124558		1.400000E-8	1.000000E+4	6.099987E-9	9.700000E-10	1.199999E-8	1.099999E-8	1.100000E-8	
1439376358.725	20150812_124558		1.400000E-8	1.000000E+4	6.099987E-9	9.700000E-10	1.199999E-8	1.099999E-8	1.100000E-8	
1439376358.924	20150812_124558		1.400000E-8	1.000000E+4	6.099987E-9	9.700000E-10	1.199999E-8	1.099999E-8	1.100000E-8	
1439376359.125	20150812_124559		1.400000E-8	1.000000E+4	6.099987E-9	9.700000E-10	1.199999E-8	1.099999E-8	1.100000E-8	
1439376359.326	20150812_124559		1.400000E-8	1.000000E+4	5.999988E-9	9.700000E-10	1.099999E-8	1.099999E-8	1.100000E-8	
1439376359.527	20150812_124559		1.400000E-8	1.000000E+4	5.999988E-9	9.700000E-10	1.099999E-8	1.099999E-8	1.100000E-8	
1439376359.727	20150812_124559		1.400000E-8	1.000000E+4	5.999988E-9	9.700000E-10	1.099999E-8	1.099999E-8	1.100000E-8	
1439376359.926	20150812_124559		1.400000E-8	1.000000E+4	5.999988E-9	9.700000E-10	1.099999E-8	1.099999E-8	1.100000E-8	
1439376360.127	20150812_124600		1.400000E-8	1.000000E+4	5.999988E-9	9.700000E-10	1.099999E-8	1.099999E-8	1.100000E-8	
1439376360.325	20150812_124600		1.400000E-8	1.000000E+4	6.099987E-9	9.800000E-10	1.099999E-8	1.099999E-8	1.100000E-8	
1439376360.527	20150812_124600		1.400000E-8	1.000000E+4	6.099987E-9	9.800000E-10	1.099999E-8	1.099999E-8	1.100000E-8	
1439376360.727	20150812_124600		1.400000E-8	1.000000E+4	6.099987E-9	9.800000E-10	1.099999E-8	1.099999E-8	1.100000E-8	
1439376360.926	20150812_124600		1.400000E-8	1.000000E+4	6.099987E-9	9.800000E-10	1.099999E-8	1.099999E-8	1.100000E-8	
1439376361.127	20150812_124601		1.400000E-8	1.000000E+4	6.099987E-9	9.800000E-10	1.099999E-8	1.099999E-8	1.100000E-8	
1439376361.326	20150812_124601		1.400000E-8	1.000000E+4	5.999988E-9	9.700000E-10	1.099999E-8	1.099999E-8	1.100000E-8	
1439376361.525	20150812_124601		1.400000E-8	1.000000E+4	5.999988E-9	9.700000E-10	1.099999E-8	1.099999E-8	1.100000E-8	
1439376361.724	20150812_124601		1.400000E-8	1.000000E+4	5.999988E-9	9.700000E-10	1.099999E-8	1.099999E-8	1.100000E-8	
1439376362.002	20150812_124602		1.400000E-8	1.000000E+4	5.999988E-9	9.700000E-10	1.099999E-8	1.099999E-8	1.100000E-8	
1439376362.203	20150812_124602		1.400000E-8	1.000000E+4	5.999988E-9	9.700000E-10	1.099999E-8	1.099999E-8	1.100000E-8	
1439376362.403	20150812_124602		1.400000E-8	1.000000E+4	5.999988E-9	9.700000E-10	1.099999E-8	1.099999E-8	1.100000E-8	
1439376362.603	20150812_124602		1.400000E-8	1.000000E+4	5.999988E-9	9.700000E-10	1.099999E-8	1.099999E-8	1.100000E-8	
1439376362.803	20150812_124602		1.400000E-8	1.000000E+4	5.999988E-9	9.700000E-10	1.099999E-8	1.099999E-8	1.100000E-8	
1439376363.028	20150812_124603		1.400000E-8	1.000000E+4	5.999988E-9	9.700000E-10	1.099999E-8	1.099999E-8	1.100000E-8	
1439376363.228	20150812_124603		1.400000E-8	1.000000E+4	5.999988E-9	9.700000E-10	1.099999E-8	1.099999E-8	1.100000E-8	
1439376363.427	20150812_124603		1.400000E-8	1.000000E+4	6.099987E-9	9.700000E-10	1.099999E-8	1.099999E-8	1.100000E-8	
1439376363.626	20150812_124603		1.400000E-8	1.000000E+4	6.099987E-9	9.700000E-10	1.099999E-8	1.099999E-8	1.100000E-8	
1439376363.826	20150812_124603		1.400000E-8	1.000000E+4	6.099987E-9	9.700000E-10	1.099999E-8	1.099999E-8	1.100000E-8	
1439376364.026	20150812_124604		1.400000E-8	1.000000E+4	6.099987E-9	9.700000E-10	1.099999E-8	1.099999E-8	1.100000E-8	
1439376364.226	20150812_124604		1.400000E-8	1.000000E+4	6.099987E-9	9.700000E-10	1.099999E-8	1.099999E-8	1.100000E-8	
1439376364.428	20150812_124604		1.400000E-8	1.000000E+4	6.099987E-9	9.700000E-10	1.099999E-8	1.099999E-8	1.100000E-8	
1439376364.625	20150812_124604		1.400000E-8	1.000000E+4	6.099987E-9	9.700000E-10	1.099999E-8	1.099999E-8	1.100000E-8	
1439376364.827	20150812_124604		1.400000E-8	1.000000E+4	6.099987E-9	9.700000E-10	1.099999E-8	1.099999E-8	1.100000E-8	
1439376365.029	20150812_124605		1.400000E-8	1.000000E+4	6.099987E-9	9.700000E-10	1.099999E-8	1.099999E-8	1.100000E-8	
1439376365.229	20150812_124605		1.400000E-8	1.000000E+4	6.099987E-9	9.700000E-10	1.099999E-8	1.099999E-8	1.100000E-8	
1439376365.428	20150812_124605		1.400000E-8	1.000000E+4	6.099987E-9	9.700000E-10	1.199999E-8	1.099999E-8	1.100000E-8	
1439376365.629	20150812_124605		1.400000E-8	1.000000E+4	6.099987E-9	9.700000E-10	1.199999E-8	1.099999E-8	1.100000E-8	
1439376365.828	20150812_124605		1.400000E-8	1.000000E+4	6.099987E-9	9.700000E-10	1.199999E-8	1.099999E-8	1.100000E-8	
1439376366.030	20150812_124606		1.400000E-8	1.000000E+4	6.099987E-9	9.700000E-10	1.199999E-8	1.099999E-8	1.100000E-8	
1439376366.230	20150812_124606		1.400000E-8	1.000000E+4	6.099987E-9	9.700000E-10	1.199999E-8	1.099999E-8	1.100000E-8	
1439376366.431	20150812_124606		1.400000E-8	1.000000E+4	6.099987E-9	9.700000E-10	1.099999E-8	1.099999E-8	1.100000E-8	
1439376366.628	20150812_124606		1.400000E-8	1.000000E+4	6.099987E-9	9.700000E-10	1.099999E-8	1.099999E-8	1.100000E-8	
1439376366.829	20150812_124606		1.400000E-8	1.000000E+4	6.099987E-9	9.700000E-10	1.099999E-8	1.099999E-8	1.100000E-8	
1439376367.031	20150812_124607		1.400000E-8	1.000000E+4	6.099987E-9	9.700000E-10	1.099999E-8	1.099999E-8	1.100000E-8	
1439376367.231	20150812_124607		1.400000E-8	1.000000E+4	6.099987E-9	9.700000E-10	1.099999E-8	1.099999E-8	1.100000E-8	
1439376367.430	20150812_124607		1.400000E-8	1.000000E+4	6.099987E-9	9.700000E-10	1.199999E-8	1.099999E-8	1.100000E-8	
1439376367.631	20150812_124607		1.400000E-8	1.000000E+4	6.099987E-9	9.700000E-10	1.199999E-8	1.099999E-8	1.100000E-8	
1439376367.832	20150812_124607		1.400000E-8	1.000000E+4	6.099987E-9	9.700000E-10	1.199999E-8	1.099999E-8	1.100000E-8	
1439376368.032	20150812_124608		1.400000E-8	1.000000E+4	6.099987E-9	9.700000E-10	1.199999E-8	1.099999E-8	1.100000E-8	
1439376368.231	20150812_124608		1.400000E-8	1.000000E+4	6.099987E-9	9.700000E-10	1.199999E-8	1.099999E-8	1.100000E-8	
1439376368.433	20150812_124608		1.400000E-8	1.000000E+4	6.099987E-9	9.700000E-10	1.099999E-8	1.099999E-8	1.100000E-8	
1439376368.634	20150812_124608		1.400000E-8	1.000000E+4	6.099987E-9	9.700000E-10	1.099999E-8	1.099999E-8	1.100000E-8	
1439376368.833	20150812_124608		1.400000E-8	1.000000E+4	6.099987E-9	9.700000E-10	1.099999E-8	1.099999E-8	1.100000E-8	
1439376369.034	20150812_124609		1.400000E-8	1.000000E+4	6.099987E-9	9.700000E-10	1.099999E-8	1.099999E-8	1.100000E-8	
1439376369.231	20150812_124609		1.400000E-8	1.000000E+4	6.099987E-9	9.700000E-10	1.099999E-8	1.099999E-8	1.100000E-8	
1439376369.435	20150812_124609		1.400000E-8	1.000000E+4	5.999988E-9	9.700000E-10	1.199999E-8	1.099999E-8	1.100000E-8	
1439376369.636	20150812_124609		1.400000E-8	1.000000E+4	5.999988E-9	9.700000E-10	1.199999E-8	1.099999E-8	1.100000E-8	
1439376369.834	20150812_124609		1.400000E-8	1.000000E+4	5.999988E-9	9.700000E-10	1.199999E-8	1.099999E-8	1.100000E-8	
1439376370.036	20150812_124610		1.400000E-8	1.000000E+4	5.999988E-9	9.700000E-10	1.199999E-8	1.099999E-8	1.100000E-8	
1439376370.235	20150812_124610		1.400000E-8	1.000000E+4	5.999988E-9	9.700000E-10	1.199999E-8	1.099999E-8	1.100000E-8	
1439376370.433	20150812_124610		1.400000E-8	1.000000E+4	6.099987E-9	9.700000E-10	1.099999E-8	1.099999E-8	1.100000E-8	
1439376370.635	20150812_124610		1.400000E-8	1.000000E+4	6.099987E-9	9.700000E-10	1.099999E-8	1.099999E-8	1.100000E-8	
1439376370.833	20150812_124610		1.400000E-8	1.000000E+4	6.099987E-9	9.700000E-10	1.099999E-8	1.099999E-8	1.100000E-8	
1439376371.035	20150812_124611		1.400000E-8	1.000000E+4	6.099987E-9	9.700000E-10	1.099999E-8	1.099999E-8	1.100000E-8	
1439376371.234	20150812_124611		1.400000E-8	1.000000E+4	6.099987E-9	9.700000E-10	1.099999E-8	1.099999E-8	1.100000E-8	
1439376371.434	20150812_124611		1.400000E-8	1.000000E+4	6.099987E-9	9.700000E-10	1.099999E-8	1.099999E-8	1.100000E-8	
1439376371.635	20150812_124611		1.400000E-8	1.000000E+4	6.099987E-9	9.700000E-10	1.099999E-8	1.099999E-8	1.100000E-8	
1439376371.837	20150812_124611		1.400000E-8	1.000000E+4	6.099987E-9	9.700000E-10	1.099999E-8	1.099999E-8	1.100000E-8	
1439376372.114	20150812_124612		1.400000E-8	1.000000E+4	6.099987E-9	9.700000E-10	1.099999E-8	1.099999E-8	1.100000E-8	
1439376372.314	20150812_124612		1.400000E-8	1.000000E+4	6.099987E-9	9.700000E-10	1.099999E-8	1.099999E-8	1.100000E-8	
1439376372.515	20150812_124612		1.400000E-8	1.000000E+4	6.099987E-9	9.700000E-10	1.099999E-8	1.099999E-8	1.100000E-8	
1439376372.714	20150812_124612		1.400000E-8	1.000000E+4	6.099987E-9	9.700000E-10	1.099999E-8	1.099999E-8	1.100000E-8	
1439376372.915	20150812_124612		1.400000E-8	1.000000E+4	6.099987E-9	9.700000E-10	1.099999E-8	1.099999E-8	1.100000E-8	
1439376373.140	20150812_124613		1.400000E-8	1.000000E+4	6.099987E-9	9.700000E-10	1.099999E-8	1.099999E-8	1.100000E-8	
1439376373.339	20150812_124613		1.400000E-8	1.000000E+4	6.099987E-9	9.700000E-10	1.099999E-8	1.099999E-8	1.100000E-8	
1439376373.540	20150812_124613		1.400000E-8	1.000000E+4	6.099987E-9	9.700000E-10	1.099999E-8	1.099999E-8	1.100000E-8	
1439376373.739	20150812_124613		1.400000E-8	1.000000E+4	6.099987E-9	9.700000E-10	1.099999E-8	1.099999E-8	1.100000E-8	
1439376373.939	20150812_124613		1.400000E-8	1.000000E+4	6.099987E-9	9.700000E-10	1.099999E-8	1.099999E-8	1.100000E-8	
1439376374.140	20150812_124614		1.400000E-8	1.000000E+4	6.099987E-9	9.700000E-10	1.099999E-8	1.099999E-8	1.100000E-8	
1439376374.341	20150812_124614		1.400000E-8	1.000000E+4	6.099987E-9	9.800000E-10	1.099999E-8	1.099999E-8	1.100000E-8	
1439376374.538	20150812_124614		1.400000E-8	1.000000E+4	6.099987E-9	9.800000E-10	1.099999E-8	1.099999E-8	1.100000E-8	
1439376374.738	20150812_124614		1.400000E-8	1.000000E+4	6.099987E-9	9.800000E-10	1.099999E-8	1.099999E-8	1.100000E-8	
1439376374.938	20150812_124614		1.400000E-8	1.000000E+4	6.099987E-9	9.800000E-10	1.099999E-8	1.099999E-8	1.100000E-8	
1439376375.139	20150812_124615		1.400000E-8	1.000000E+4	6.099987E-9	9.800000E-10	1.099999E-8	1.099999E-8	1.100000E-8	
1439376375.341	20150812_124615		1.400000E-8	1.000000E+4	6.099987E-9	9.700000E-10	1.099999E-8	1.099999E-8	1.100000E-8	
1439376375.540	20150812_124615		1.400000E-8	1.000000E+4	6.099987E-9	9.700000E-10	1.099999E-8	1.099999E-8	1.100000E-8	
1439376375.742	20150812_124615		1.400000E-8	1.000000E+4	6.099987E-9	9.700000E-10	1.099999E-8	1.099999E-8	1.100000E-8	
1439376375.940	20150812_124615		1.400000E-8	1.000000E+4	6.099987E-9	9.700000E-10	1.099999E-8	1.099999E-8	1.100000E-8	
1439376376.141	20150812_124616		1.400000E-8	1.000000E+4	6.099987E-9	9.700000E-10	1.099999E-8	1.099999E-8	1.100000E-8	
1439376376.341	20150812_124616		1.400000E-8	1.000000E+4	5.999988E-9	9.800000E-10	1.099999E-8	1.099999E-8	1.100000E-8	
1439376376.542	20150812_124616		1.400000E-8	1.000000E+4	5.999988E-9	9.800000E-10	1.099999E-8	1.099999E-8	1.100000E-8	
1439376376.741	20150812_124616		1.400000E-8	1.000000E+4	5.999988E-9	9.800000E-10	1.099999E-8	1.099999E-8	1.100000E-8	
1439376376.944	20150812_124616		1.400000E-8	1.000000E+4	5.999988E-9	9.800000E-10	1.099999E-8	1.099999E-8	1.100000E-8	
1439376377.144	20150812_124617		1.400000E-8	1.000000E+4	5.999988E-9	9.800000E-10	1.099999E-8	1.099999E-8	1.100000E-8	
1439376377.340	20150812_124617		1.400000E-8	1.000000E+4	6.099987E-9	9.700000E-10	1.099999E-8	1.099999E-8	1.100000E-8	
1439376377.542	20150812_124617		1.400000E-8	1.000000E+4	6.099987E-9	9.700000E-10	1.099999E-8	1.099999E-8	1.100000E-8	
1439376377.741	20150812_124617		1.400000E-8	1.000000E+4	6.099987E-9	9.700000E-10	1.099999E-8	1.099999E-8	1.100000E-8	
1439376377.941	20150812_124617		1.400000E-8	1.000000E+4	6.099987E-9	9.700000E-10	1.099999E-8	1.099999E-8	1.100000E-8	
1439376378.143	20150812_124618		1.400000E-8	1.000000E+4	6.099987E-9	9.700000E-10	1.099999E-8	1.099999E-8	1.100000E-8	
1439376378.341	20150812_124618		1.400000E-8	1.000000E+4	5.999988E-9	9.700000E-10	1.099999E-8	1.099999E-8	1.100000E-8	
1439376378.541	20150812_124618		1.400000E-8	1.000000E+4	5.999988E-9	9.700000E-10	1.099999E-8	1.099999E-8	1.100000E-8	
1439376378.742	20150812_124618		1.400000E-8	1.000000E+4	5.999988E-9	9.700000E-10	1.099999E-8	1.099999E-8	1.100000E-8	
1439376378.943	20150812_124618		1.400000E-8	1.000000E+4	5.999988E-9	9.700000E-10	1.099999E-8	1.099999E-8	1.100000E-8	
1439376379.143	20150812_124619		1.400000E-8	1.000000E+4	5.999988E-9	9.700000E-10	1.099999E-8	1.099999E-8	1.100000E-8	
1439376379.344	20150812_124619		1.400000E-8	1.000000E+4	6.099987E-9	9.700000E-10	1.099999E-8	1.099999E-8	1.100000E-8	
1439376379.546	20150812_124619		1.400000E-8	1.000000E+4	6.099987E-9	9.700000E-10	1.099999E-8	1.099999E-8	1.100000E-8	
1439376379.747	20150812_124619		1.400000E-8	1.000000E+4	6.099987E-9	9.700000E-10	1.099999E-8	1.099999E-8	1.100000E-8	
1439376379.944	20150812_124619		1.400000E-8	1.000000E+4	6.099987E-9	9.700000E-10	1.099999E-8	1.099999E-8	1.100000E-8	
1439376380.145	20150812_124620		1.400000E-8	1.000000E+4	6.099987E-9	9.700000E-10	1.099999E-8	1.099999E-8	1.100000E-8	
1439376380.345	20150812_124620		1.400000E-8	1.000000E+4	5.999988E-9	9.800000E-10	1.099999E-8	1.099999E-8	1.100000E-8	
1439376380.544	20150812_124620		1.400000E-8	1.000000E+4	5.999988E-9	9.800000E-10	1.099999E-8	1.099999E-8	1.100000E-8	
1439376380.745	20150812_124620		1.400000E-8	1.000000E+4	5.999988E-9	9.800000E-10	1.099999E-8	1.099999E-8	1.100000E-8	
1439376380.944	20150812_124620		1.400000E-8	1.000000E+4	5.999988E-9	9.800000E-10	1.099999E-8	1.099999E-8	1.100000E-8	
1439376381.146	20150812_124621		1.400000E-8	1.000000E+4	5.999988E-9	9.800000E-10	1.099999E-8	1.099999E-8	1.100000E-8	
1439376381.345	20150812_124621		1.400000E-8	1.000000E+4	5.999988E-9	9.700000E-10	1.099999E-8	1.099999E-8	1.100000E-8	
1439376381.545	20150812_124621		1.400000E-8	1.000000E+4	5.999988E-9	9.700000E-10	1.099999E-8	1.099999E-8	1.100000E-8	
1439376381.747	20150812_124621		1.400000E-8	1.000000E+4	5.999988E-9	9.700000E-10	1.099999E-8	1.099999E-8	1.100000E-8	
1439376381.947	20150812_124621		1.400000E-8	1.000000E+4	5.999988E-9	9.700000E-10	1.099999E-8	1.099999E-8	1.100000E-8	
1439376382.223	20150812_124622		1.400000E-8	1.000000E+4	5.999988E-9	9.700000E-10	1.099999E-8	1.099999E-8	1.100000E-8	
1439376382.423	20150812_124622		1.400000E-8	1.000000E+4	5.999988E-9	9.800000E-10	1.099999E-8	1.099999E-8	1.100000E-8	
1439376382.623	20150812_124622		1.400000E-8	1.000000E+4	5.999988E-9	9.800000E-10	1.099999E-8	1.099999E-8	1.100000E-8	
1439376382.825	20150812_124622		1.400000E-8	1.000000E+4	5.999988E-9	9.800000E-10	1.099999E-8	1.099999E-8	1.100000E-8	
1439376383.026	20150812_124623		1.400000E-8	1.000000E+4	5.999988E-9	9.800000E-10	1.099999E-8	1.099999E-8	1.100000E-8	
1439376383.247	20150812_124623		1.400000E-8	1.000000E+4	5.999988E-9	9.800000E-10	1.099999E-8	1.099999E-8	1.100000E-8	
1439376383.449	20150812_124623		1.400000E-8	1.000000E+4	6.099987E-9	9.800000E-10	1.099999E-8	1.099999E-8	1.100000E-8	
1439376383.648	20150812_124623		1.400000E-8	1.000000E+4	6.099987E-9	9.800000E-10	1.099999E-8	1.099999E-8	1.100000E-8	
1439376383.848	20150812_124623		1.400000E-8	1.000000E+4	6.099987E-9	9.800000E-10	1.099999E-8	1.099999E-8	1.100000E-8	
1439376384.053	20150812_124624		1.400000E-8	1.000000E+4	6.099987E-9	9.800000E-10	1.099999E-8	1.099999E-8	1.100000E-8	
1439376384.251	20150812_124624		1.400000E-8	1.000000E+4	6.099987E-9	9.800000E-10	1.099999E-8	1.099999E-8	1.100000E-8	
1439376384.448	20150812_124624		1.400000E-8	1.000000E+4	6.099987E-9	9.700000E-10	1.099999E-8	1.099999E-8	1.100000E-8	
1439376384.648	20150812_124624		1.400000E-8	1.000000E+4	6.099987E-9	9.700000E-10	1.099999E-8	1.099999E-8	1.100000E-8	
1439376384.851	20150812_124624		1.400000E-8	1.000000E+4	6.099987E-9	9.700000E-10	1.099999E-8	1.099999E-8	1.100000E-8	
1439376385.052	20150812_124625		1.400000E-8	1.000000E+4	6.099987E-9	9.700000E-10	1.099999E-8	1.099999E-8	1.100000E-8	
1439376385.251	20150812_124625		1.400000E-8	1.000000E+4	6.099987E-9	9.700000E-10	1.099999E-8	1.099999E-8	1.100000E-8	
1439376385.451	20150812_124625		1.400000E-8	1.000000E+4	6.099987E-9	9.700000E-10	1.099999E-8	1.099999E-8	1.100000E-8	
1439376385.650	20150812_124625		1.400000E-8	1.000000E+4	6.099987E-9	9.700000E-10	1.099999E-8	1.099999E-8	1.100000E-8	
1439376385.848	20150812_124625		1.400000E-8	1.000000E+4	6.099987E-9	9.700000E-10	1.099999E-8	1.099999E-8	1.100000E-8	
1439376386.050	20150812_124626		1.400000E-8	1.000000E+4	6.099987E-9	9.700000E-10	1.099999E-8	1.099999E-8	1.100000E-8	
1439376386.251	20150812_124626		1.400000E-8	1.000000E+4	6.099987E-9	9.700000E-10	1.099999E-8	1.099999E-8	1.100000E-8	
