acqUNIXTime	acqDateTimestamp	VGI_2(mbar)	TT909(°C)	VGI_1(mbar)	
1439559546.424	20150814_153906		5.799988E-9	292.4036	9.999992E-9	
1439559547.505	20150814_153907		5.799988E-9	292.4036	9.999992E-9	
1439559548.505	20150814_153908		5.799988E-9	292.4036	1.099999E-8	
1439559549.505	20150814_153909		5.799988E-9	292.4036	9.999992E-9	
1439559550.505	20150814_153910		5.899988E-9	292.4036	9.999992E-9	
1439559551.505	20150814_153911		5.799988E-9	292.4036	9.999992E-9	
1439559552.505	20150814_153912		5.899988E-9	292.4036	9.999992E-9	
1439559553.505	20150814_153913		5.799988E-9	292.4036	9.999992E-9	
1439559553.707	20150814_153913		5.799988E-9	292.4036	9.999992E-9	
1439559554.707	20150814_153914		5.899988E-9	292.4036	1.099999E-8	
1439559555.795	20150814_153915		5.899988E-9	292.4036	1.099999E-8	
1439559556.795	20150814_153916		5.899988E-9	292.4036	1.099999E-8	
1439559557.828	20150814_153917		5.899988E-9	292.4036	9.999992E-9	
1439559558.922	20150814_153918		5.899988E-9	292.4036	1.099999E-8	
1439559559.922	20150814_153919		5.899988E-9	292.4036	9.999992E-9	
1439559560.560	20150814_153920		5.999988E-9	292.4036	9.999992E-9	
1439559561.560	20150814_153921		5.799988E-9	292.4036	1.099999E-8	
1439559562.560	20150814_153922		5.899988E-9	292.4036	1.099999E-8	
1439559563.560	20150814_153923		5.899988E-9	292.4036	1.099999E-8	
1439559564.559	20150814_153924		5.899988E-9	292.4036	1.099999E-8	
1439559565.559	20150814_153925		5.899988E-9	292.4036	9.999992E-9	
1439559566.559	20150814_153926		5.899988E-9	292.4036	1.099999E-8	
1439559567.505	20150814_153927		5.799988E-9	292.4036	1.099999E-8	
1439559568.592	20150814_153928		5.899988E-9	292.4036	9.999992E-9	
1439559569.592	20150814_153929		5.899988E-9	292.4036	9.999992E-9	
1439559570.592	20150814_153930		5.999988E-9	292.4036	9.999992E-9	
1439559571.516	20150814_153931		5.799988E-9	292.4036	9.999992E-9	
1439559572.516	20150814_153932		5.899988E-9	292.4036	1.099999E-8	
1439559573.516	20150814_153933		5.899988E-9	292.4036	1.099999E-8	
1439559574.506	20150814_153934		5.899988E-9	292.4036	9.999992E-9	
1439559575.506	20150814_153935		5.999988E-9	292.4036	1.099999E-8	
1439559576.506	20150814_153936		5.999988E-9	292.4036	1.099999E-8	
1439559577.506	20150814_153937		5.899988E-9	292.4036	1.099999E-8	
1439559578.506	20150814_153938		5.999988E-9	292.4036	1.099999E-8	
1439559579.506	20150814_153939		5.899988E-9	292.4036	1.099999E-8	
1439559580.552	20150814_153940		5.899988E-9	292.4036	1.099999E-8	
1439559581.507	20150814_153941		5.899988E-9	292.4036	1.099999E-8	
1439559582.506	20150814_153942		5.799988E-9	292.4036	9.999992E-9	
1439559583.506	20150814_153943		5.799988E-9	292.4036	9.999992E-9	
1439559584.506	20150814_153944		5.799988E-9	292.4036	9.999992E-9	
1439559585.506	20150814_153945		5.799988E-9	292.4036	9.999992E-9	
1439559586.506	20150814_153946		5.799988E-9	292.4036	9.999992E-9	
1439559587.579	20150814_153947		5.899988E-9	292.4036	9.999992E-9	
1439559588.592	20150814_153948		5.899988E-9	292.4036	9.999992E-9	
1439559589.592	20150814_153949		5.899988E-9	292.4036	9.999992E-9	
1439559590.592	20150814_153950		5.899988E-9	292.4036	9.999992E-9	
1439559591.500	20150814_153951		5.999988E-9	292.4036	9.999992E-9	
1439559592.501	20150814_153952		5.899988E-9	292.4036	1.099999E-8	
1439559593.501	20150814_153953		5.899988E-9	292.4036	1.099999E-8	
1439559593.886	20150814_153953		5.799988E-9	292.4036	1.099999E-8	
1439559594.886	20150814_153954		5.899988E-9	292.4036	9.999992E-9	
1439559595.886	20150814_153955		5.799988E-9	292.4036	9.999992E-9	
1439559596.812	20150814_153956		5.699988E-9	292.4036	9.999992E-9	
1439559597.812	20150814_153957		5.899988E-9	292.4036	1.099999E-8	
1439559598.841	20150814_153958		5.799988E-9	292.4036	1.099999E-8	
1439559599.639	20150814_153959		5.799988E-9	292.4036	1.099999E-8	
1439559600.639	20150814_154000		5.899988E-9	292.4036	9.999992E-9	
1439559601.674	20150814_154001		5.799988E-9	292.4036	9.999992E-9	
1439559602.771	20150814_154002		5.799988E-9	292.4036	9.999992E-9	
1439559603.863	20150814_154003		5.799988E-9	292.4036	9.999992E-9	
1439559604.957	20150814_154004		5.799988E-9	292.4036	9.999992E-9	
1439559605.957	20150814_154005		5.799988E-9	292.4036	9.999992E-9	
1439559606.957	20150814_154006		5.899988E-9	292.4036	9.999992E-9	
1439559607.957	20150814_154007		5.799988E-9	292.4036	9.999992E-9	
1439559609.029	20150814_154009		5.899988E-9	292.4036	9.999992E-9	
1439559610.045	20150814_154010		5.899988E-9	292.4036	1.099999E-8	
1439559611.073	20150814_154011		5.899988E-9	292.4036	1.099999E-8	
1439559612.073	20150814_154012		5.899988E-9	292.4036	9.999992E-9	
1439559612.911	20150814_154012		5.999988E-9	292.4036	9.999992E-9	
1439559613.948	20150814_154013		5.899988E-9	292.4036	1.099999E-8	
1439559614.948	20150814_154014		5.899988E-9	292.4036	1.099999E-8	
1439559615.948	20150814_154015		5.999988E-9	292.4036	1.099999E-8	
1439559616.989	20150814_154016		5.899988E-9	292.4036	1.099999E-8	
1439559617.717	20150814_154017		5.899988E-9	292.4036	9.999992E-9	
1439559618.517	20150814_154018		5.799988E-9	292.4036	1.099999E-8	
1439559619.568	20150814_154019		5.899988E-9	292.4036	9.999992E-9	
1439559620.500	20150814_154020		5.899988E-9	292.4036	9.999992E-9	
1439559621.500	20150814_154021		5.799988E-9	292.4036	1.099999E-8	
1439559621.757	20150814_154021		5.799988E-9	292.4036	9.999992E-9	
1439559622.757	20150814_154022		5.999988E-9	292.4036	1.099999E-8	
1439559623.757	20150814_154023		5.899988E-9	292.4036	1.099999E-8	
1439559624.757	20150814_154024		5.899988E-9	292.4036	1.099999E-8	
1439559625.757	20150814_154025		5.899988E-9	292.4036	1.099999E-8	
