acqUNIXTime	acqDateTimestamp	VGHB_41738(mbar)	VGHB_41740(mbar)	VGI_1(mbar)	VGHB_41752(mbar)	
1439565127.517	20150814_171207		1.000000E+4	1.300000E-8			
1439565127.918	20150814_171207			1.300000E-8	1.000000E+4	9.999992E-9	
1439565128.918	20150814_171208		1.300000E-8	1.000000E+4	9.999992E-9	1.100000E-8	
1439565129.918	20150814_171209		1.300000E-8	1.000000E+4	9.999992E-9	1.100000E-8	
1439565130.918	20150814_171210		1.300000E-8	1.000000E+4	1.100000E-8	9.999992E-9	
1439565131.723	20150814_171211		9.999992E-9	1.300000E-8	1.100000E-8	1.000000E+4	
1439565132.723	20150814_171212		1.300000E-8	1.099999E-8	1.100000E-8	1.000000E+4	
1439565133.723	20150814_171213		1.099999E-8	1.000000E+4	1.100000E-8	1.300000E-8	
1439565134.723	20150814_171214		1.300000E-8	1.099999E-8	1.100000E-8	1.000000E+4	
1439565135.723	20150814_171215		1.099999E-8	1.000000E+4	1.100000E-8	1.300000E-8	
1439565136.168	20150814_171216		1.099999E-8	1.300000E-8	1.100000E-8	1.000000E+4	
1439565137.168	20150814_171217		1.099999E-8	1.300000E-8	1.000000E+4	1.100000E-8	
1439565138.168	20150814_171218		9.999992E-9	1.300000E-8	1.000000E+4	1.100000E-8	
1439565139.168	20150814_171219		9.999992E-9	1.300000E-8	1.000000E+4	1.100000E-8	
1439565140.168	20150814_171220		9.999992E-9	1.300000E-8	1.000000E+4	1.100000E-8	
1439565141.169	20150814_171221		9.999992E-9	1.300000E-8	1.000000E+4	1.100000E-8	
1439565142.169	20150814_171222		9.999992E-9	1.300000E-8	1.000000E+4	1.100000E-8	
1439565143.169	20150814_171223		9.999992E-9	1.300000E-8	1.000000E+4	1.100000E-8	
1439565144.169	20150814_171224		1.099999E-8	1.300000E-8	1.000000E+4	1.100000E-8	
1439565145.169	20150814_171225		9.999992E-9	1.300000E-8	1.000000E+4	1.100000E-8	
1439565146.169	20150814_171226		9.999992E-9	1.300000E-8	1.000000E+4	1.100000E-8	
1439565147.169	20150814_171227		9.999992E-9	1.300000E-8	1.000000E+4	1.100000E-8	
1439565148.169	20150814_171228		9.999992E-9	1.300000E-8	1.000000E+4	1.100000E-8	
1439565149.168	20150814_171229		9.999992E-9	1.300000E-8	1.000000E+4	1.100000E-8	
1439565150.172	20150814_171230		9.999992E-9	1.300000E-8	1.000000E+4	1.100000E-8	
1439565151.229	20150814_171231		1.099999E-8	1.300000E-8	1.100000E-8	1.300000E-8	
1439565152.233	20150814_171232		1.099999E-8	1.300000E-8	1.300000E-8	1.300000E-8	
1439565153.341	20150814_171233		1.099999E-8	1.300000E-8	1.300000E-8	1.300000E-8	
1439565154.345	20150814_171234		1.099999E-8	1.300000E-8	1.300000E-8	1.300000E-8	
1439565155.351	20150814_171235		1.099999E-8	1.300000E-8	1.300000E-8	1.300000E-8	
1439565156.355	20150814_171236		1.099999E-8	1.300000E-8	1.300000E-8	1.300000E-8	
1439565157.359	20150814_171237		1.300000E-8	1.099999E-8	1.300000E-8	1.300000E-8	
1439565158.359	20150814_171238		1.099999E-8	1.000000E+4	1.300000E-8	1.300000E-8	
1439565159.363	20150814_171239		1.099999E-8	1.300000E-8	1.000000E+4	1.300000E-8	
1439565160.369	20150814_171240		1.099999E-8	1.300000E-8	1.300000E-8	1.300000E-8	
1439565161.373	20150814_171241		1.099999E-8	1.300000E-8	1.300000E-8	1.300000E-8	
1439565162.379	20150814_171242		1.099999E-8	1.300000E-8	1.300000E-8	1.300000E-8	
1439565163.382	20150814_171243		1.099999E-8	1.300000E-8	1.300000E-8	1.300000E-8	
1439565164.388	20150814_171244		9.999992E-9	1.300000E-8	1.300000E-8	1.300000E-8	
1439565165.392	20150814_171245		9.999992E-9	1.300000E-8	1.300000E-8	1.300000E-8	
1439565166.397	20150814_171246		9.999992E-9	1.300000E-8	1.300000E-8	1.300000E-8	
1439565167.804	20150814_171247		9.999992E-9	1.300000E-8	1.300000E-8	1.300000E-8	
1439565168.810	20150814_171248		9.999992E-9	1.300000E-8	9.999992E-9	1.300000E-8	
1439565169.823	20150814_171249		9.999992E-9	9.999992E-9	1.300000E-8	1.300000E-8	
1439565170.836	20150814_171250		9.999992E-9	1.300000E-8	9.999992E-9	9.999992E-9	
1439565171.841	20150814_171251		9.999992E-9	1.300000E-8	1.300000E-8	9.999992E-9	
1439565172.847	20150814_171252		9.999992E-9	1.300000E-8	9.999992E-9	1.300000E-8	
1439565173.847	20150814_171253		1.300000E-8	9.999992E-9	1.300000E-8	1.300000E-8	
1439565174.847	20150814_171254		9.999992E-9	1.000000E+4	1.300000E-8	1.300000E-8	
1439565175.851	20150814_171255		9.999992E-9	1.300000E-8	1.000000E+4	1.300000E-8	
1439565176.865	20150814_171256		9.999992E-9	1.300000E-8	1.300000E-8	1.300000E-8	
1439565177.897	20150814_171257		9.999992E-9	1.300000E-8	1.300000E-8	1.300000E-8	
1439565178.915	20150814_171258		9.999992E-9	1.300000E-8	1.300000E-8	1.300000E-8	
1439565179.918	20150814_171259		1.300000E-8	9.999992E-9	1.300000E-8	1.300000E-8	
1439565180.937	20150814_171300		9.999992E-9	1.000000E+4	1.300000E-8	1.300000E-8	
1439565181.942	20150814_171301		9.999992E-9	1.300000E-8	1.000000E+4	1.300000E-8	
1439565182.957	20150814_171302		9.999992E-9	1.300000E-8	1.300000E-8	1.300000E-8	
1439565183.966	20150814_171303		9.999992E-9	1.300000E-8	1.300000E-8	1.300000E-8	
1439565184.985	20150814_171304		9.999992E-9	1.300000E-8	1.300000E-8	1.300000E-8	
1439565185.989	20150814_171305		9.999992E-9	1.300000E-8	1.300000E-8	1.300000E-8	
1439565186.995	20150814_171306		1.099999E-8	1.300000E-8	1.300000E-8	1.300000E-8	
1439565187.999	20150814_171307		9.999992E-9	1.300000E-8	1.300000E-8	1.300000E-8	
1439565189.020	20150814_171309		1.099999E-8	1.300000E-8	1.300000E-8	1.300000E-8	
1439565190.020	20150814_171310		1.300000E-8	9.999992E-9	1.300000E-8	1.300000E-8	
1439565191.028	20150814_171311		1.099999E-8	1.000000E+4	1.300000E-8	1.300000E-8	
1439565192.038	20150814_171312		9.999992E-9	1.000000E+4	1.300000E-8	1.099999E-8	
1439565193.048	20150814_171313		1.099999E-8	1.300000E-8	1.000000E+4	1.099999E-8	
1439565194.078	20150814_171314		9.999992E-9	1.300000E-8	1.099999E-8	1.300000E-8	
1439565195.081	20150814_171315		1.099999E-8	1.300000E-8	1.300000E-8	1.300000E-8	
1439565196.092	20150814_171316		9.999992E-9	1.300000E-8	1.099999E-8	1.300000E-8	
1439565197.105	20150814_171317		1.099999E-8	1.300000E-8	1.300000E-8	1.300000E-8	
1439565198.126	20150814_171318		1.300000E-8	9.999992E-9	1.300000E-8	1.300000E-8	
1439565199.136	20150814_171319		1.000000E+4	1.300000E-8	1.300000E-8	1.300000E-8	
1439565200.141	20150814_171320		1.300000E-8	1.300000E-8	1.300000E-8	1.300000E-8	
1439565201.156	20150814_171321		1.000000E+4	1.300000E-8	1.300000E-8	1.300000E-8	
1439565202.160	20150814_171322		1.300000E-8	1.300000E-8	1.300000E-8	1.300000E-8	
1439565203.160	20150814_171323		1.300000E-8	1.000000E+4	1.300000E-8	1.300000E-8	
1439565204.176	20150814_171324		1.099999E-8	1.300000E-8	1.000000E+4	1.300000E-8	
1439565205.216	20150814_171325		9.999992E-9	1.300000E-8	1.300000E-8	1.300000E-8	
1439565206.216	20150814_171326		1.099999E-8	1.000000E+4	9.999992E-9	1.300000E-8	
1439565207.220	20150814_171327		9.999992E-9	1.300000E-8	1.000000E+4	1.300000E-8	
1439565208.401	20150814_171328		1.099999E-8	1.300000E-8	1.300000E-8	1.300000E-8	
1439565209.401	20150814_171329		1.300000E-8	9.999992E-9	1.300000E-8	1.300000E-8	
1439565210.418	20150814_171330		1.000000E+4	1.099999E-8	1.300000E-8	1.300000E-8	
1439565211.424	20150814_171331		1.300000E-8	1.099999E-8	1.300000E-8	1.099999E-8	
1439565212.428	20150814_171332		1.000000E+4	9.999992E-9	1.300000E-8	1.099999E-8	
1439565213.440	20150814_171333		1.000000E+4	1.099999E-8	1.099999E-8	1.000000E+4	
1439565214.440	20150814_171334		1.300000E-8	9.999992E-9	1.099999E-8	1.000000E+4	
1439565215.451	20150814_171335		1.000000E+4	1.099999E-8	1.300000E-8	1.000000E+4	
1439565216.458	20150814_171336		1.300000E-8	1.000000E+4	1.099999E-8	1.300000E-8	
1439565217.462	20150814_171337		1.000000E+4	9.999992E-9	1.300000E-8	1.300000E-8	
1439565218.467	20150814_171338		1.300000E-8	1.099999E-8	1.300000E-8	9.999992E-9	
1439565219.469	20150814_171339		1.000000E+4	1.300000E-8	1.300000E-8	9.999992E-9	
1439565220.473	20150814_171340		1.300000E-8	1.300000E-8	9.999992E-9	1.300000E-8	
1439565221.485	20150814_171341		1.000000E+4	1.100000E-8	1.300000E-8	9.999992E-9	
1439565222.485	20150814_171342		1.300000E-8	9.999992E-9	1.100000E-8	9.999992E-9	
1439565223.490	20150814_171343		1.099999E-8	1.000000E+4	9.999992E-9	1.300000E-8	
1439565224.493	20150814_171344		1.300000E-8	1.000000E+4	1.300000E-8	9.999992E-9	
