acqUNIXTime	acqDateTimestamp	VAC.VGI_3(mbar)	VAC.VGHB_41740(mbar)	VAC.VGI_2(mbar)	TT900(°C)	TT909(°C)	
1439817706.729	15:21:46 17/08/2015		9.999992E-9	5.099989E-9	-1.00000000	8.5787	0.3472	
1439817707.678	15:21:47 17/08/2015		9.799979E-9	5.099989E-9	-1.00000000	8.5787	0.3472	
1439817708.678	15:21:48 17/08/2015		9.999992E-9	5.099989E-9	5.099989E-9	8.5787	0.3472	
1439817709.650	15:21:49 17/08/2015		9.899980E-9	5.099989E-9	-1.00000000	8.5787	0.3472	
1439817710.591	15:21:50 17/08/2015		9.599980E-9	5.199989E-9	-1.00000000	8.5787	0.3472	
1439817711.536	15:21:51 17/08/2015		9.299980E-9	5.199989E-9	-1.00000000	8.5787	0.3472	
1439817712.493	15:21:52 17/08/2015		9.699980E-9	5.199989E-9	-1.00000000	8.5787	0.3472	
1439817713.436	15:21:53 17/08/2015		9.899980E-9	4.999990E-9	-1.00000000	8.5787	0.3472	
1439817714.436	15:21:54 17/08/2015		9.799979E-9	-1.00000000	4.999990E-9	8.5787	0.3472	
1439817715.407	15:21:55 17/08/2015		9.899980E-9	4.999990E-9	-1.00000000	8.5787	0.3472	
1439817716.351	15:21:56 17/08/2015		9.999992E-9	4.999990E-9	-1.00000000	8.5787	0.3472	
1439817717.297	15:21:57 17/08/2015		9.899980E-9	5.099989E-9	-1.00000000	8.5787	0.3472	
1439817718.243	15:21:58 17/08/2015		9.999992E-9	5.099989E-9	-1.00000000	8.5787	0.3472	
1439817719.194	15:21:59 17/08/2015		9.899980E-9	5.099989E-9	-1.00000000	8.5787	0.3472	
1439817720.138	15:22:00 17/08/2015		9.599980E-9	5.099989E-9	-1.00000000	8.5787	0.3472	
1439817721.086	15:22:01 17/08/2015		9.999992E-9	4.999990E-9	-1.00000000	8.5787	0.3472	
1439817722.036	15:22:02 17/08/2015		9.799979E-9	5.099989E-9	-1.00000000	8.5787	0.3472	
1439817722.981	15:22:02 17/08/2015		9.999992E-9	5.099989E-9	-1.00000000	8.5787	0.3472	
1439817723.981	15:22:03 17/08/2015		9.499980E-9	-1.00000000	5.099989E-9	8.5787	0.3472	
1439817724.981	15:22:04 17/08/2015		9.899980E-9	-1.00000000	5.199989E-9	8.5787	0.3472	
1439817725.901	15:22:05 17/08/2015		9.699980E-9	5.199989E-9	-1.00000000	8.5787	0.3472	
1439817726.846	15:22:06 17/08/2015		9.999992E-9	5.199989E-9	-1.00000000	8.5787	0.3472	
1439817727.846	15:22:07 17/08/2015		9.899980E-9	-1.00000000	5.199989E-9	8.5787	0.3472	
1439817728.748	15:22:08 17/08/2015		9.899980E-9	5.199989E-9	-1.00000000	8.5787	0.3472	
1439817729.756	15:22:09 17/08/2015		9.799979E-9	5.199989E-9	-1.00000000	8.5787	0.3472	
1439817730.725	15:22:10 17/08/2015		9.299980E-9	5.199989E-9	5.199989E-9	8.5787	0.3472	
1439817731.681	15:22:11 17/08/2015		9.099981E-9	5.099989E-9	5.199989E-9	8.5787	0.3472	
1439817732.681	15:22:12 17/08/2015		8.799982E-9	-1.00000000	-1.00000000	8.5787	0.3472	
1439817733.681	15:22:13 17/08/2015		8.799982E-9	-1.00000000	5.099989E-9	8.5787	0.3472	
1439817734.648	15:22:14 17/08/2015		9.099981E-9	5.099989E-9	-1.00000000	8.5787	0.3472	
1439817735.632	15:22:15 17/08/2015		9.799979E-9	5.099989E-9	-1.00000000	8.5787	0.3472	
1439817736.632	15:22:16 17/08/2015		9.999992E-9	5.099989E-9	-1.00000000	8.5787	0.3472	
1439817737.632	15:22:17 17/08/2015		9.999992E-9	5.099989E-9	-1.00000000	8.5787	0.3472	
1439817738.632	15:22:18 17/08/2015		9.999992E-9	5.099989E-9	-1.00000000	8.5787	0.3472	
1439817739.632	15:22:19 17/08/2015		9.999992E-9	5.099989E-9	-1.00000000	8.5787	0.3472	
1439817740.632	15:22:20 17/08/2015		9.999992E-9	5.099989E-9	-1.00000000	8.5787	0.3472	
1439817741.632	15:22:21 17/08/2015		9.999992E-9	5.099989E-9	-1.00000000	8.5787	0.3472	
1439817742.632	15:22:22 17/08/2015		9.999992E-9	5.199989E-9	5.099989E-9	8.5787	0.3472	
1439817743.632	15:22:23 17/08/2015		9.999992E-9	-1.00000000	-1.00000000	8.5787	0.3472	
1439817744.563	15:22:24 17/08/2015		9.999992E-9	5.199989E-9	-1.00000000	8.5787	0.3472	
1439817745.562	15:22:25 17/08/2015		9.799979E-9	-1.00000000	5.199989E-9	8.5787	0.3472	
1439817746.530	15:22:26 17/08/2015		9.499980E-9	5.199989E-9	-1.00000000	8.5787	0.3472	
1439817747.530	15:22:27 17/08/2015		9.899980E-9	5.199989E-9	-1.00000000	8.5787	0.3472	
1439817748.530	15:22:28 17/08/2015		9.899980E-9	5.199989E-9	-1.00000000	8.5787	0.3472	
1439817749.433	15:22:29 17/08/2015		9.899980E-9	5.199989E-9	-1.00000000	8.5787	0.3472	
1439817750.433	15:22:30 17/08/2015		9.999992E-9	-1.00000000	5.199989E-9	8.5787	0.3472	
1439817751.379	15:22:31 17/08/2015		9.899980E-9	5.199989E-9	-1.00000000	8.5787	0.3472	
1439817752.325	15:22:32 17/08/2015		9.599980E-9	5.199989E-9	-1.00000000	8.5787	0.3472	
1439817753.278	15:22:33 17/08/2015		9.999992E-9	5.199989E-9	-1.00000000	8.5787	0.3472	
1439817754.278	15:22:34 17/08/2015		9.499980E-9	-1.00000000	5.199989E-9	8.5787	0.3472	
1439817755.232	15:22:35 17/08/2015		9.599980E-9	5.099989E-9	-1.00000000	8.5787	0.3472	
1439817756.232	15:22:36 17/08/2015		9.899980E-9	-1.00000000	5.099989E-9	8.5787	0.3472	
1439817757.201	15:22:37 17/08/2015		9.899980E-9	5.099989E-9	-1.00000000	8.5787	0.3472	
1439817758.201	15:22:38 17/08/2015		9.799979E-9	-1.00000000	5.099989E-9	8.5787	0.3472	
1439817759.171	15:22:39 17/08/2015		9.299980E-9	5.099989E-9	-1.00000000	8.5787	0.3472	
1439817760.171	15:22:40 17/08/2015		9.899980E-9	-1.00000000	5.099989E-9	8.5787	0.3472	
1439817761.126	15:22:41 17/08/2015		9.999992E-9	5.099989E-9	-1.00000000	8.5787	0.3472	
1439817762.126	15:22:42 17/08/2015		9.699980E-9	5.099989E-9	-1.00000000	8.5787	0.3472	
1439817763.125	15:22:43 17/08/2015		9.699980E-9	-1.00000000	5.099989E-9	8.5787	0.3472	
1439817764.039	15:22:44 17/08/2015		9.999992E-9	5.099989E-9	-1.00000000	8.5787	0.3472	
1439817765.039	15:22:45 17/08/2015		9.799979E-9	-1.00000000	5.099989E-9	8.5787	0.3472	
1439817766.039	15:22:46 17/08/2015		9.699980E-9	-1.00000000	5.099989E-9	8.5787	0.3472	
1439817766.939	15:22:46 17/08/2015		9.499980E-9	5.099989E-9	-1.00000000	8.5787	0.3472	
1439817767.885	15:22:47 17/08/2015		9.299980E-9	5.099989E-9	-1.00000000	8.5787	0.3472	
1439817768.940	15:22:48 17/08/2015		9.199981E-9	5.199989E-9	-1.00000000	8.5787	0.3472	
1439817769.849	15:22:49 17/08/2015		8.499982E-9	5.199989E-9	-1.00000000	8.5787	0.3472	
1439817770.788	15:22:50 17/08/2015		8.999981E-9	5.199989E-9	-1.00000000	8.5787	0.3472	
1439817771.738	15:22:51 17/08/2015		9.799979E-9	5.199989E-9	-1.00000000	8.5787	0.3472	
1439817772.687	15:22:52 17/08/2015		9.899980E-9	5.199989E-9	-1.00000000	8.5787	0.3472	
1439817773.636	15:22:53 17/08/2015		9.999992E-9	5.199989E-9	-1.00000000	8.5787	0.3472	
1439817774.636	15:22:54 17/08/2015		9.699980E-9	-1.00000000	5.199989E-9	8.5787	0.3472	
1439817775.625	15:22:55 17/08/2015		9.899980E-9	5.199989E-9	-1.00000000	8.5787	0.3472	
1439817776.626	15:22:56 17/08/2015		9.799979E-9	5.199989E-9	-1.00000000	8.5787	0.3472	
1439817777.626	15:22:57 17/08/2015		9.799979E-9	5.199989E-9	5.199989E-9	8.5787	0.3472	
1439817778.626	15:22:58 17/08/2015		9.799979E-9	-1.00000000	-1.00000000	8.5787	0.3472	
1439817779.598	15:22:59 17/08/2015		9.799979E-9	5.199989E-9	-1.00000000	8.5787	0.3472	
1439817780.539	15:23:00 17/08/2015		9.699980E-9	5.199989E-9	-1.00000000	8.5787	0.3472	
1439817781.476	15:23:01 17/08/2015		9.799979E-9	5.199989E-9	-1.00000000	8.5787	0.3472	
1439817782.476	15:23:02 17/08/2015		9.199981E-9	-1.00000000	5.199989E-9	8.5787	0.3472	
1439817783.376	15:23:03 17/08/2015		9.799979E-9	5.099989E-9	-1.00000000	8.5787	0.3472	
1439817784.376	15:23:04 17/08/2015		9.999992E-9	-1.00000000	5.099989E-9	8.5787	0.3472	
1439817785.335	15:23:05 17/08/2015		9.899980E-9	5.099989E-9	-1.00000000	8.5787	0.3472	
1439817786.335	15:23:06 17/08/2015		9.799979E-9	-1.00000000	5.099989E-9	8.5787	0.3472	
1439817787.307	15:23:07 17/08/2015		9.999992E-9	5.099989E-9	-1.00000000	8.5787	0.3472	
1439817788.249	15:23:08 17/08/2015		9.899980E-9	5.099989E-9	-1.00000000	8.5787	0.3472	
1439817789.191	15:23:09 17/08/2015		9.699980E-9	5.099989E-9	-1.00000000	8.5787	0.3472	
1439817790.191	15:23:10 17/08/2015		9.799979E-9	5.099989E-9	-1.00000000	8.5787	0.3472	
1439817791.158	15:23:11 17/08/2015		9.799979E-9	5.099989E-9	-1.00000000	8.5787	0.3472	
1439817792.158	15:23:12 17/08/2015		9.999992E-9	-1.00000000	5.099989E-9	8.5787	0.3472	
1439817793.158	15:23:13 17/08/2015		9.999992E-9	-1.00000000	5.099989E-9	8.5787	0.3472	
1439817794.076	15:23:14 17/08/2015		9.899980E-9	5.099989E-9	-1.00000000	8.5787	0.3472	
1439817795.021	15:23:15 17/08/2015		9.499980E-9	5.099989E-9	5.099989E-9	8.5787	0.3472	
1439817796.021	15:23:16 17/08/2015		9.999992E-9	-1.00000000	-1.00000000	8.5787	0.3472	
1439817796.986	15:23:16 17/08/2015		9.699980E-9	5.099989E-9	-1.00000000	8.5787	0.3472	
1439817797.939	15:23:17 17/08/2015		9.999992E-9	5.099989E-9	-1.00000000	8.5787	0.3472	
1439817798.939	15:23:18 17/08/2015		9.899980E-9	-1.00000000	5.199989E-9	8.5787	0.3472	
1439817799.939	15:23:19 17/08/2015		9.699980E-9	-1.00000000	5.199989E-9	8.5787	0.3472	
1439817800.835	15:23:20 17/08/2015		9.799979E-9	5.199989E-9	-1.00000000	8.5787	0.3472	
1439817801.782	15:23:21 17/08/2015		9.899980E-9	5.199989E-9	-1.00000000	8.5787	0.3472	
1439817802.782	15:23:22 17/08/2015		9.799979E-9	-1.00000000	5.199989E-9	8.5787	0.3472	
1439817803.744	15:23:23 17/08/2015		9.699980E-9	5.199989E-9	-1.00000000	8.5787	0.3472	
1439817804.685	15:23:24 17/08/2015		9.899980E-9	5.199989E-9	-1.00000000	8.5787	0.3472	
1439817805.637	15:23:25 17/08/2015		9.999992E-9	5.199989E-9	-1.00000000	8.5787	0.3472	
1439817806.633	15:23:26 17/08/2015		9.599980E-9	5.199989E-9	-1.00000000	8.5787	0.3472	
1439817807.633	15:23:27 17/08/2015		9.799979E-9	5.199989E-9	-1.00000000	8.5787	0.3472	
1439817808.633	15:23:28 17/08/2015		9.799979E-9	-1.00000000	5.199989E-9	8.5787	0.3472	
1439817809.633	15:23:29 17/08/2015		9.899980E-9	5.199989E-9	-1.00000000	8.5787	0.3472	
1439817810.633	15:23:30 17/08/2015		9.899980E-9	-1.00000000	5.199989E-9	8.5787	0.3472	
1439817811.542	15:23:31 17/08/2015		9.999992E-9	5.199989E-9	-1.00000000	8.5787	0.3472	
1439817812.500	15:23:32 17/08/2015		9.699980E-9	5.199989E-9	-1.00000000	8.5787	0.3472	
1439817813.449	15:23:33 17/08/2015		9.899980E-9	5.199989E-9	-1.00000000	8.5787	0.3472	
1439817814.393	15:23:34 17/08/2015		9.799979E-9	5.099989E-9	-1.00000000	8.5787	0.3472	
1439817815.335	15:23:35 17/08/2015		9.599980E-9	5.099989E-9	-1.00000000	8.5787	0.3472	
1439817816.335	15:23:36 17/08/2015		9.699980E-9	-1.00000000	5.099989E-9	8.5787	0.3472	
1439817817.307	15:23:37 17/08/2015		9.799979E-9	5.099989E-9	-1.00000000	8.5787	0.3472	
1439817818.255	15:23:38 17/08/2015		9.399980E-9	5.099989E-9	-1.00000000	8.5787	0.3472	
1439817819.200	15:23:39 17/08/2015		9.999992E-9	5.099989E-9	-1.00000000	8.5787	0.3472	
1439817820.143	15:23:40 17/08/2015		9.699980E-9	5.099989E-9	-1.00000000	8.5787	0.3472	
1439817821.082	15:23:41 17/08/2015		9.899980E-9	5.099989E-9	-1.00000000	8.5787	0.3472	
1439817822.029	15:23:42 17/08/2015		9.999992E-9	5.099989E-9	-1.00000000	8.5787	0.3472	
1439817823.029	15:23:43 17/08/2015		9.699980E-9	-1.00000000	5.099989E-9	8.5787	0.3472	
1439817824.029	15:23:44 17/08/2015		9.799979E-9	-1.00000000	5.099989E-9	8.5787	0.3472	
1439817824.930	15:23:44 17/08/2015		9.799979E-9	5.099989E-9	-1.00000000	8.5787	0.3472	
1439817825.872	15:23:45 17/08/2015		9.999992E-9	5.099989E-9	-1.00000000	8.5787	0.3472	
1439817826.822	15:23:46 17/08/2015		9.799979E-9	5.099989E-9	-1.00000000	8.5787	0.3472	
1439817827.770	15:23:47 17/08/2015		9.999992E-9	5.099989E-9	-1.00000000	8.5787	0.3472	
1439817828.701	15:23:48 17/08/2015		9.899980E-9	5.099989E-9	-1.00000000	8.5787	0.3472	
1439817829.643	15:23:49 17/08/2015		9.999992E-9	5.099989E-9	-1.00000000	8.5787	0.3472	
1439817830.656	15:23:50 17/08/2015		9.699980E-9	5.099989E-9	-1.00000000	8.5787	0.3472	
1439817831.656	15:23:51 17/08/2015		9.899980E-9	5.099989E-9	5.199989E-9	8.5787	0.3472	
1439817832.656	15:23:52 17/08/2015		9.999992E-9	5.099989E-9	5.199989E-9	8.5787	0.3472	
1439817833.630	15:23:53 17/08/2015		9.799979E-9	5.199989E-9	5.099989E-9	8.5787	0.3472	
1439817834.630	15:23:54 17/08/2015		9.999992E-9	-1.00000000	5.199989E-9	8.5787	0.3472	
1439817835.630	15:23:55 17/08/2015		9.999992E-9	-1.00000000	5.199989E-9	8.5787	0.3472	
1439817836.630	15:23:56 17/08/2015		9.999992E-9	5.199989E-9	-1.00000000	8.5787	0.3472	
1439817837.630	15:23:57 17/08/2015		9.999992E-9	-1.00000000	5.199989E-9	8.5787	0.3472	
1439817838.630	15:23:58 17/08/2015		9.999992E-9	5.199989E-9	-1.00000000	8.5787	0.3472	
1439817839.630	15:23:59 17/08/2015		9.999992E-9	5.199989E-9	-1.00000000	8.5787	0.3472	
1439817840.630	15:24:00 17/08/2015		9.999992E-9	5.199989E-9	-1.00000000	8.5787	0.3472	
1439817841.626	15:24:01 17/08/2015		9.999992E-9	5.199989E-9	-1.00000000	8.5787	0.3472	
1439817842.626	15:24:02 17/08/2015		9.599980E-9	-1.00000000	5.199989E-9	8.5787	0.3472	
1439817843.572	15:24:03 17/08/2015		9.599980E-9	5.199989E-9	-1.00000000	8.5787	0.3472	
1439817844.515	15:24:04 17/08/2015		9.899980E-9	5.199989E-9	-1.00000000	8.5787	0.3472	
1439817846.055	15:24:06 17/08/2015		9.999992E-9	5.199989E-9	-1.00000000	8.5787	0.3472	
1439817847.023	15:24:07 17/08/2015		9.899980E-9	5.199989E-9	-1.00000000	8.5787	0.3472	
1439817848.023	15:24:08 17/08/2015		9.999992E-9	5.199989E-9	-1.00000000	8.5787	0.3472	
1439817849.023	15:24:09 17/08/2015		9.999992E-9	5.199989E-9	-1.00000000	8.5787	0.3472	
1439817850.023	15:24:10 17/08/2015		9.999992E-9	-1.00000000	5.099989E-9	8.5787	0.3472	
1439817851.022	15:24:11 17/08/2015		9.999992E-9	5.099989E-9	-1.00000000	8.5787	0.3472	
1439817852.022	15:24:12 17/08/2015		9.999992E-9	5.099989E-9	5.099989E-9	8.5787	0.3472	
1439817853.022	15:24:13 17/08/2015		9.999992E-9	-1.00000000	-1.00000000	8.5787	0.3472	
1439817853.951	15:24:13 17/08/2015		9.499980E-9	5.099989E-9	-1.00000000	8.5787	0.3472	
1439817854.891	15:24:14 17/08/2015		9.899980E-9	5.099989E-9	-1.00000000	8.5787	0.3472	
1439817855.891	15:24:15 17/08/2015		9.999992E-9	5.099989E-9	-1.00000000	8.5787	0.3472	
1439817856.891	15:24:16 17/08/2015		9.999992E-9	5.099989E-9	-1.00000000	8.5787	0.3472	
1439817857.901	15:24:17 17/08/2015		9.999992E-9	5.099989E-9	-1.00000000	8.5787	0.3472	
1439817858.901	15:24:18 17/08/2015		9.999992E-9	5.099989E-9	5.099989E-9	8.5787	0.3472	
1439817859.901	15:24:19 17/08/2015		9.999992E-9	5.099989E-9	-1.00000000	8.5787	0.3472	
1439817860.834	15:24:20 17/08/2015		9.999992E-9	5.099989E-9	-1.00000000	8.5787	0.3472	
1439817861.778	15:24:21 17/08/2015		9.699980E-9	5.099989E-9	-1.00000000	8.5787	0.3472	
1439817862.722	15:24:22 17/08/2015		9.899980E-9	5.099989E-9	-1.00000000	8.5787	0.3472	
1439817863.722	15:24:23 17/08/2015		9.999992E-9	5.099989E-9	5.099989E-9	8.5787	0.3472	
1439817864.722	15:24:24 17/08/2015		9.999992E-9	-1.00000000	-1.00000000	8.5787	0.3472	
1439817865.729	15:24:25 17/08/2015		9.999992E-9	5.099989E-9	-1.00000000	8.5787	0.3472	
1439817866.729	15:24:26 17/08/2015		9.799979E-9	5.099989E-9	5.099989E-9	8.5787	0.3472	
1439817867.674	15:24:27 17/08/2015		9.799979E-9	5.099989E-9	-1.00000000	8.5787	0.3472	
1439817868.673	15:24:28 17/08/2015		9.999992E-9	5.199989E-9	-1.00000000	8.5787	0.3472	
1439817869.690	15:24:29 17/08/2015		9.999992E-9	5.199989E-9	-1.00000000	8.5787	0.3472	
1439817870.690	15:24:30 17/08/2015		9.999992E-9	5.199989E-9	5.199989E-9	8.5787	0.3472	
1439817871.690	15:24:31 17/08/2015		9.999992E-9	5.199989E-9	-1.00000000	8.5787	0.3472	
1439817872.699	15:24:32 17/08/2015		9.999992E-9	5.199989E-9	-1.00000000	8.5787	0.3472	
1439817873.713	15:24:33 17/08/2015		9.999992E-9	5.199989E-9	5.199989E-9	8.5787	0.3472	
1439817874.671	15:24:34 17/08/2015		9.999992E-9	5.199989E-9	5.199989E-9	8.5787	0.3472	
1439817875.671	15:24:35 17/08/2015		9.899980E-9	5.199989E-9	-1.00000000	8.5787	0.3472	
1439817876.632	15:24:36 17/08/2015		9.899980E-9	5.199989E-9	-1.00000000	8.5787	0.3472	
1439817877.647	15:24:37 17/08/2015		9.999992E-9	5.199989E-9	-1.00000000	8.5787	0.3472	
1439817878.647	15:24:38 17/08/2015		9.899980E-9	5.199989E-9	5.199989E-9	8.5787	0.3472	
1439817879.649	15:24:39 17/08/2015		9.699980E-9	5.199989E-9	5.199989E-9	8.5787	0.3472	
1439817880.649	15:24:40 17/08/2015		9.999992E-9	5.199989E-9	5.199989E-9	8.5787	0.3472	
1439817881.629	15:24:41 17/08/2015		9.999992E-9	5.199989E-9	-1.00000000	8.5787	0.3472	
1439817882.629	15:24:42 17/08/2015		9.899980E-9	5.199989E-9	-1.00000000	8.5787	0.3472	
1439817883.623	15:24:43 17/08/2015		9.899980E-9	5.199989E-9	-1.00000000	8.5787	0.3472	
1439817884.624	15:24:44 17/08/2015		9.999992E-9	5.199989E-9	-1.00000000	8.5787	0.3472	
1439817885.624	15:24:45 17/08/2015		9.999992E-9	5.199989E-9	-1.00000000	8.5787	0.3472	
1439817886.545	15:24:46 17/08/2015		9.999992E-9	5.199989E-9	-1.00000000	8.5787	0.3472	
1439817887.492	15:24:47 17/08/2015		9.899980E-9	5.199989E-9	-1.00000000	8.5787	0.3472	
1439817888.506	15:24:48 17/08/2015		9.999992E-9	5.099989E-9	-1.00000000	8.5787	0.3472	
1439817889.523	15:24:49 17/08/2015		9.999992E-9	5.099989E-9	5.099989E-9	8.5787	0.3472	
1439817890.539	15:24:50 17/08/2015		9.799979E-9	5.099989E-9	5.099989E-9	8.5787	0.3472	
1439817891.563	15:24:51 17/08/2015		9.899980E-9	5.099989E-9	5.099989E-9	8.5787	0.3472	
1439817892.563	15:24:52 17/08/2015		9.999992E-9	5.099989E-9	5.099989E-9	8.5787	0.3472	
1439817893.563	15:24:53 17/08/2015		9.999992E-9	5.099989E-9	-1.00000000	8.5787	0.3472	
1439817894.563	15:24:54 17/08/2015		9.999992E-9	5.099989E-9	-1.00000000	8.5787	0.3472	
1439817895.563	15:24:55 17/08/2015		9.999992E-9	5.099989E-9	-1.00000000	8.5787	0.3472	
1439817896.563	15:24:56 17/08/2015		9.999992E-9	5.099989E-9	-1.00000000	8.5787	0.3472	
1439817897.489	15:24:57 17/08/2015		9.999992E-9	5.099989E-9	5.099989E-9	8.5787	0.3472	
1439817898.489	15:24:58 17/08/2015		9.799979E-9	-1.00000000	-1.00000000	8.5787	0.3472	
1439817899.497	15:24:59 17/08/2015		9.899980E-9	5.099989E-9	-1.00000000	8.5787	0.3472	
1439817900.497	15:25:00 17/08/2015		9.999992E-9	5.099989E-9	5.099989E-9	8.5787	0.3472	
1439817901.497	15:25:01 17/08/2015		9.999992E-9	5.099989E-9	-1.00000000	8.5787	0.3472	
1439817902.448	15:25:02 17/08/2015		9.999992E-9	5.099989E-9	-1.00000000	8.5787	0.3472	
1439817903.391	15:25:03 17/08/2015		9.699980E-9	5.099989E-9	-1.00000000	8.5787	0.3472	
1439817904.391	15:25:04 17/08/2015		9.999992E-9	5.099989E-9	-1.00000000	8.5787	0.3472	
1439817905.391	15:25:05 17/08/2015		9.999992E-9	5.099989E-9	-1.00000000	8.5787	0.3472	
1439817906.309	15:25:06 17/08/2015		9.999992E-9	5.099989E-9	-1.00000000	8.5787	0.3472	
1439817907.255	15:25:07 17/08/2015		9.799979E-9	5.099989E-9	-1.00000000	8.5787	0.3472	
1439817908.255	15:25:08 17/08/2015		9.999992E-9	5.099989E-9	-1.00000000	8.5787	0.3472	
1439817909.255	15:25:09 17/08/2015		9.999992E-9	5.099989E-9	-1.00000000	8.5787	0.3472	
1439817910.255	15:25:10 17/08/2015		9.999992E-9	5.099989E-9	-1.00000000	8.5787	0.3472	
1439817911.255	15:25:11 17/08/2015		9.999992E-9	5.199989E-9	-1.00000000	8.5787	0.3472	
1439817912.255	15:25:12 17/08/2015		9.999992E-9	-1.00000000	5.199989E-9	8.5787	0.3472	
1439817913.255	15:25:13 17/08/2015		9.999992E-9	5.199989E-9	-1.00000000	8.5787	0.3472	
1439817914.255	15:25:14 17/08/2015		9.999992E-9	5.199989E-9	-1.00000000	8.5787	0.3472	
1439817915.255	15:25:15 17/08/2015		9.999992E-9	-1.00000000	5.199989E-9	8.5787	0.3472	
1439817916.255	15:25:16 17/08/2015		9.999992E-9	5.199989E-9	-1.00000000	8.5787	0.3472	
1439817917.255	15:25:17 17/08/2015		9.999992E-9	5.199989E-9	-1.00000000	8.5787	0.3472	
1439817918.255	15:25:18 17/08/2015		9.999992E-9	-1.00000000	5.199989E-9	8.5787	0.3472	
1439817919.255	15:25:19 17/08/2015		9.999992E-9	5.199989E-9	-1.00000000	8.5787	0.3472	
1439817920.154	15:25:20 17/08/2015		9.999992E-9	5.199989E-9	-1.00000000	8.5787	0.3472	
1439817921.094	15:25:21 17/08/2015		9.899980E-9	5.199989E-9	-1.00000000	8.5787	0.3472	
1439817922.094	15:25:22 17/08/2015		9.999992E-9	-1.00000000	5.199989E-9	8.5787	0.3472	
1439817923.094	15:25:23 17/08/2015		9.999992E-9	5.199989E-9	-1.00000000	8.5787	0.3472	
1439817924.094	15:25:24 17/08/2015		9.999992E-9	-1.00000000	5.199989E-9	8.5787	0.3472	
1439817925.031	15:25:25 17/08/2015		9.999992E-9	5.199989E-9	-1.00000000	8.5787	0.3472	
1439817925.971	15:25:25 17/08/2015		9.599980E-9	5.199989E-9	-1.00000000	8.5787	0.3472	
1439817926.996	15:25:26 17/08/2015		9.999992E-9	5.199989E-9	5.199989E-9	8.5787	0.3472	
1439817927.996	15:25:27 17/08/2015		9.999992E-9	5.199989E-9	-1.00000000	8.5787	0.3472	
1439817928.996	15:25:28 17/08/2015		9.999992E-9	5.199989E-9	5.199989E-9	8.5787	0.3472	
1439817929.996	15:25:29 17/08/2015		9.799979E-9	5.199989E-9	5.199989E-9	8.5787	0.3472	
1439817930.920	15:25:30 17/08/2015		9.899980E-9	5.199989E-9	5.199989E-9	8.5787	0.3472	
1439817931.860	15:25:31 17/08/2015		9.999992E-9	5.199989E-9	-1.00000000	8.5787	0.3472	
1439817932.860	15:25:32 17/08/2015		9.699980E-9	-1.00000000	5.199989E-9	8.5787	0.3472	
1439817933.860	15:25:33 17/08/2015		9.899980E-9	-1.00000000	5.199989E-9	8.5787	0.3472	
1439817934.771	15:25:34 17/08/2015		9.899980E-9	5.199989E-9	-1.00000000	8.5787	0.3472	
1439817935.771	15:25:35 17/08/2015		9.999992E-9	-1.00000000	5.199989E-9	8.5787	0.3472	
1439817936.771	15:25:36 17/08/2015		9.899980E-9	-1.00000000	5.299989E-9	8.5787	0.3472	
1439817937.770	15:25:37 17/08/2015		9.899980E-9	-1.00000000	5.299989E-9	8.5787	0.3472	
1439817938.770	15:25:38 17/08/2015		9.499980E-9	-1.00000000	5.299989E-9	8.5787	0.3472	
1439817939.770	15:25:39 17/08/2015		9.699980E-9	-1.00000000	5.299989E-9	8.5787	0.3472	
1439817940.733	15:25:40 17/08/2015		9.699980E-9	5.299989E-9	-1.00000000	8.5787	0.3472	
1439817941.733	15:25:41 17/08/2015		9.999992E-9	5.299989E-9	-1.00000000	8.5787	0.3472	
1439817942.749	15:25:42 17/08/2015		9.999992E-9	5.299989E-9	-1.00000000	8.5787	0.3472	
1439817943.749	15:25:43 17/08/2015		9.899980E-9	5.299989E-9	5.299989E-9	8.5787	0.3472	
1439817944.749	15:25:44 17/08/2015		9.999992E-9	5.299989E-9	5.299989E-9	8.5787	0.3472	
1439817945.749	15:25:45 17/08/2015		9.999992E-9	5.299989E-9	5.299989E-9	8.5787	0.3472	
1439817946.749	15:25:46 17/08/2015		9.999992E-9	-1.00000000	-1.00000000	8.5787	0.3472	
1439817947.749	15:25:47 17/08/2015		9.999992E-9	5.299989E-9	-1.00000000	8.5787	0.3472	
1439817948.706	15:25:48 17/08/2015		9.999992E-9	5.299989E-9	-1.00000000	8.5787	0.3472	
1439817949.653	15:25:49 17/08/2015		9.899980E-9	5.299989E-9	-1.00000000	8.5787	0.3472	
1439817950.625	15:25:50 17/08/2015		9.799979E-9	5.299989E-9	-1.00000000	8.5787	0.3472	
1439817951.626	15:25:51 17/08/2015		9.699980E-9	-1.00000000	5.299989E-9	8.5787	0.3472	
1439817952.558	15:25:52 17/08/2015		9.699980E-9	5.299989E-9	-1.00000000	8.5787	0.3472	
1439817953.499	15:25:53 17/08/2015		9.899980E-9	5.299989E-9	-1.00000000	8.5787	0.3472	
1439817954.445	15:25:54 17/08/2015		9.999992E-9	5.299989E-9	5.299989E-9	8.5787	0.3472	
1439817955.444	15:25:55 17/08/2015		9.499980E-9	-1.00000000	-1.00000000	8.5787	0.3472	
1439817956.404	15:25:56 17/08/2015		9.799979E-9	5.299989E-9	-1.00000000	8.5787	0.3472	
1439817957.342	15:25:57 17/08/2015		9.699980E-9	5.299989E-9	-1.00000000	8.5787	0.3472	
1439817958.283	15:25:58 17/08/2015		9.999992E-9	5.299989E-9	-1.00000000	8.5787	0.3472	
1439817959.231	15:25:59 17/08/2015		9.799979E-9	5.299989E-9	-1.00000000	8.5787	0.3472	
1439817960.171	15:26:00 17/08/2015		9.899980E-9	5.299989E-9	-1.00000000	8.5787	0.3472	
1439817961.171	15:26:01 17/08/2015		9.799979E-9	-1.00000000	5.299989E-9	8.5787	0.3472	
1439817962.141	15:26:02 17/08/2015		9.499980E-9	5.299989E-9	-1.00000000	8.5787	0.3472	
1439817963.079	15:26:03 17/08/2015		9.799979E-9	5.199989E-9	-1.00000000	8.5787	0.3472	
1439817964.028	15:26:04 17/08/2015		9.699980E-9	5.199989E-9	-1.00000000	8.5787	0.3472	
1439817965.028	15:26:05 17/08/2015		9.999992E-9	5.199989E-9	-1.00000000	8.5787	0.3472	
1439817966.028	15:26:06 17/08/2015		9.999992E-9	-1.00000000	5.199989E-9	8.5787	0.3472	
1439817967.003	15:26:07 17/08/2015		9.899980E-9	5.199989E-9	5.199989E-9	8.5787	0.3472	
1439817968.003	15:26:08 17/08/2015		9.999992E-9	-1.00000000	-1.00000000	8.5787	0.3472	
1439817968.902	15:26:08 17/08/2015		9.999992E-9	5.199989E-9	-1.00000000	8.5787	0.3472	
1439817969.902	15:26:09 17/08/2015		9.799979E-9	5.199989E-9	-1.00000000	8.5787	0.3472	
1439817970.902	15:26:10 17/08/2015		9.799979E-9	5.199989E-9	-1.00000000	8.5787	0.3472	
1439817971.830	15:26:11 17/08/2015		9.799979E-9	5.199989E-9	-1.00000000	8.5787	0.3472	
1439817972.781	15:26:12 17/08/2015		9.999992E-9	5.199989E-9	-1.00000000	8.5787	0.3472	
1439817973.735	15:26:13 17/08/2015		9.899980E-9	5.199989E-9	-1.00000000	8.5787	0.3472	
1439817974.677	15:26:14 17/08/2015		9.599980E-9	5.199989E-9	-1.00000000	8.5787	0.3472	
1439817975.627	15:26:15 17/08/2015		9.799979E-9	5.199989E-9	-1.00000000	8.5787	0.3472	
1439817976.628	15:26:16 17/08/2015		9.999992E-9	-1.00000000	5.199989E-9	8.5787	0.3472	
1439817977.628	15:26:17 17/08/2015		9.999992E-9	5.199989E-9	-1.00000000	8.5787	0.3472	
1439817978.628	15:26:18 17/08/2015		9.999992E-9	5.199989E-9	-1.00000000	8.5787	0.3472	
1439817979.628	15:26:19 17/08/2015		9.999992E-9	5.199989E-9	5.199989E-9	8.5787	0.3472	
1439817980.628	15:26:20 17/08/2015		9.999992E-9	-1.00000000	-1.00000000	8.5787	0.3472	
1439817981.628	15:26:21 17/08/2015		9.799979E-9	-1.00000000	5.199989E-9	8.5787	0.3472	
1439817982.628	15:26:22 17/08/2015		9.899980E-9	5.199989E-9	-1.00000000	8.5787	0.3472	
1439817983.628	15:26:23 17/08/2015		9.899980E-9	-1.00000000	5.199989E-9	8.5787	0.3472	
1439817984.596	15:26:24 17/08/2015		9.999992E-9	5.199989E-9	-1.00000000	8.5787	0.3472	
1439817985.540	15:26:25 17/08/2015		9.899980E-9	5.199989E-9	-1.00000000	8.5787	0.3472	
1439817986.540	15:26:26 17/08/2015		9.799979E-9	5.199989E-9	-1.00000000	8.5787	0.3472	
1439817987.540	15:26:27 17/08/2015		9.799979E-9	-1.00000000	5.199989E-9	8.5787	0.3472	
1439817988.458	15:26:28 17/08/2015		9.799979E-9	5.199989E-9	-1.00000000	8.5787	0.3472	
1439817989.405	15:26:29 17/08/2015		9.899980E-9	5.199989E-9	-1.00000000	8.5787	0.3472	
1439817990.345	15:26:30 17/08/2015		9.799979E-9	5.199989E-9	-1.00000000	8.5787	0.3472	
1439817991.345	15:26:31 17/08/2015		9.999992E-9	5.199989E-9	-1.00000000	8.5787	0.3472	
1439817992.345	15:26:32 17/08/2015		9.999992E-9	5.099989E-9	-1.00000000	8.5787	0.3472	
1439817993.283	15:26:33 17/08/2015		9.999992E-9	5.099989E-9	-1.00000000	8.5787	0.3472	
1439817994.235	15:26:34 17/08/2015		9.799979E-9	5.099989E-9	-1.00000000	8.5787	0.3472	
1439817995.235	15:26:35 17/08/2015		9.999992E-9	5.099989E-9	-1.00000000	8.5787	0.3472	
1439817996.135	15:26:36 17/08/2015		9.999992E-9	5.099989E-9	-1.00000000	8.5787	0.3472	
1439817997.084	15:26:37 17/08/2015		9.899980E-9	5.099989E-9	-1.00000000	8.5787	0.3472	
1439817998.039	15:26:38 17/08/2015		9.799979E-9	5.099989E-9	-1.00000000	8.5787	0.3472	
1439817998.987	15:26:38 17/08/2015		9.899980E-9	5.099989E-9	-1.00000000	8.5787	0.3472	
1439817999.934	15:26:39 17/08/2015		9.999992E-9	5.099989E-9	-1.00000000	8.5787	0.3472	
1439818000.944	15:26:40 17/08/2015		9.799979E-9	5.099989E-9	-1.00000000	8.5787	0.3472	
1439818001.944	15:26:41 17/08/2015		9.999992E-9	5.099989E-9	5.099989E-9	8.5787	0.3472	
1439818002.944	15:26:42 17/08/2015		9.999992E-9	5.099989E-9	-1.00000000	8.5787	0.3472	
1439818003.944	15:26:43 17/08/2015		9.999992E-9	5.099989E-9	-1.00000000	8.5787	0.3472	
1439818004.895	15:26:44 17/08/2015		9.999992E-9	5.099989E-9	-1.00000000	8.5787	0.3472	
1439818005.837	15:26:45 17/08/2015		9.599980E-9	5.099989E-9	5.099989E-9	8.5787	0.3472	
1439818006.837	15:26:46 17/08/2015		9.999992E-9	-1.00000000	-1.00000000	8.5787	0.3472	
1439818007.836	15:26:47 17/08/2015		9.999992E-9	5.099989E-9	-1.00000000	8.5787	0.3472	
1439818008.856	15:26:48 17/08/2015		9.999992E-9	5.099989E-9	-1.00000000	8.5787	0.3472	
1439818009.871	15:26:49 17/08/2015		9.999992E-9	5.099989E-9	5.099989E-9	8.5787	0.3472	
1439818010.871	15:26:50 17/08/2015		9.699980E-9	5.099989E-9	5.099989E-9	8.5787	0.3472	
1439818011.883	15:26:51 17/08/2015		9.699980E-9	5.099989E-9	-1.00000000	8.5787	0.3472	
1439818012.883	15:26:52 17/08/2015		9.799979E-9	5.099989E-9	5.099989E-9	8.5787	0.3472	
1439818013.883	15:26:53 17/08/2015		9.999992E-9	5.099989E-9	5.099989E-9	8.5787	0.3472	
1439818014.884	15:26:54 17/08/2015		9.999992E-9	5.099989E-9	-1.00000000	8.5787	0.3472	
1439818015.884	15:26:55 17/08/2015		9.999992E-9	5.099989E-9	-1.00000000	8.5787	0.3472	
1439818016.884	15:26:56 17/08/2015		9.999992E-9	5.099989E-9	-1.00000000	8.5787	0.3472	
1439818017.801	15:26:57 17/08/2015		9.999992E-9	5.099989E-9	5.099989E-9	8.5787	0.3472	
1439818018.801	15:26:58 17/08/2015		9.899980E-9	-1.00000000	-1.00000000	8.5787	0.3472	
1439818019.801	15:26:59 17/08/2015		9.999992E-9	5.099989E-9	-1.00000000	8.5787	0.3472	
1439818020.801	15:27:00 17/08/2015		9.999992E-9	-1.00000000	5.099989E-9	8.5787	0.3472	
1439818021.824	15:27:01 17/08/2015		9.999992E-9	5.199989E-9	-1.00000000	8.5787	0.3472	
1439818022.824	15:27:02 17/08/2015		9.999992E-9	5.199989E-9	5.099989E-9	8.5787	0.3472	
1439818023.824	15:27:03 17/08/2015		9.999992E-9	4.999990E-9	5.199989E-9	8.5787	0.3472	
1439818024.824	15:27:04 17/08/2015		9.999992E-9	4.999990E-9	-1.00000000	8.5787	0.3472	
1439818025.823	15:27:05 17/08/2015		9.999992E-9	4.999990E-9	-1.00000000	8.5787	0.3472	
1439818026.836	15:27:06 17/08/2015		9.999992E-9	4.999990E-9	-1.00000000	8.5787	0.3472	
1439818027.836	15:27:07 17/08/2015		9.999992E-9	4.999990E-9	4.999990E-9	8.5787	0.3472	
1439818028.838	15:27:08 17/08/2015		9.999992E-9	4.999990E-9	-1.00000000	8.5787	0.3472	
1439818029.838	15:27:09 17/08/2015		9.999992E-9	4.999990E-9	4.999990E-9	8.5787	0.3472	
1439818030.845	15:27:10 17/08/2015		9.999992E-9	4.999990E-9	-1.00000000	8.5787	0.3472	
1439818031.845	15:27:11 17/08/2015		9.999992E-9	4.999990E-9	4.999990E-9	8.5787	0.3472	
1439818032.743	15:27:12 17/08/2015		9.999992E-9	4.999990E-9	4.999990E-9	8.5787	0.3472	
1439818033.743	15:27:13 17/08/2015		9.899980E-9	4.999990E-9	-1.00000000	8.5787	0.3472	
1439818034.715	15:27:14 17/08/2015		9.899980E-9	4.999990E-9	4.999990E-9	8.5787	0.3472	
1439818035.740	15:27:15 17/08/2015		9.999992E-9	4.999990E-9	-1.00000000	8.5787	0.3472	
1439818036.740	15:27:16 17/08/2015		9.999992E-9	4.999990E-9	4.999990E-9	8.5787	0.3472	
1439818037.740	15:27:17 17/08/2015		9.999992E-9	4.999990E-9	4.999990E-9	8.5787	0.3472	
1439818038.640	15:27:18 17/08/2015		9.999992E-9	4.999990E-9	4.999990E-9	8.5787	0.3472	
1439818039.648	15:27:19 17/08/2015		9.799979E-9	4.999990E-9	-1.00000000	8.5787	0.3472	
1439818040.631	15:27:20 17/08/2015		9.999992E-9	4.999990E-9	4.999990E-9	8.5787	0.3472	
1439818041.629	15:27:21 17/08/2015		9.699980E-9	4.999990E-9	-1.00000000	8.5787	0.3472	
1439818042.617	15:27:22 17/08/2015		9.799979E-9	4.999990E-9	-1.00000000	8.5787	0.3472	
1439818043.618	15:27:23 17/08/2015		9.999992E-9	4.999990E-9	-1.00000000	8.5787	0.3472	
1439818044.544	15:27:24 17/08/2015		9.999992E-9	4.999990E-9	-1.00000000	8.5787	0.3472	
1439818045.544	15:27:25 17/08/2015		9.899980E-9	4.999990E-9	-1.00000000	8.5787	0.3472	
1439818046.552	15:27:26 17/08/2015		9.899980E-9	4.999990E-9	-1.00000000	8.5787	0.3472	
1439818047.523	15:27:27 17/08/2015		9.599980E-9	4.999990E-9	4.999990E-9	8.5787	0.3472	
1439818048.523	15:27:28 17/08/2015		9.899980E-9	4.999990E-9	-1.00000000	8.5787	0.3472	
1439818049.494	15:27:29 17/08/2015		9.899980E-9	4.999990E-9	-1.00000000	8.5787	0.3472	
1439818050.434	15:27:30 17/08/2015		9.999992E-9	4.999990E-9	-1.00000000	8.5787	0.3472	
1439818051.434	15:27:31 17/08/2015		9.799979E-9	-1.00000000	4.999990E-9	8.5787	0.3472	
1439818052.434	15:27:32 17/08/2015		9.999992E-9	4.999990E-9	-1.00000000	8.5787	0.3472	
1439818053.358	15:27:33 17/08/2015		9.999992E-9	5.099989E-9	4.999990E-9	8.5787	0.3472	
1439818054.358	15:27:34 17/08/2015		9.799979E-9	-1.00000000	-1.00000000	8.5787	0.3472	
1439818055.307	15:27:35 17/08/2015		9.999992E-9	4.999990E-9	-1.00000000	8.5787	0.3472	
1439818056.307	15:27:36 17/08/2015		9.899980E-9	4.999990E-9	-1.00000000	8.5787	0.3472	
