acqUNIXTime	acqDateTimestamp	VGHB_41738(mbar)	VGHB_41740(mbar)	VGI_2(°C)	VGHB_41779(°C)	VAC.VGI_3(°C)	VGI_1(°C)	VGHB_41752(°C)	
1439395348.375	20150812_180228		1.300000E-8	1.000000E+4	6.399987E-9	1.000000E-9	1.099999E-8	1.099999E-8	1.100000E-8	
1439395348.575	20150812_180228		1.300000E-8	1.000000E+4	6.399987E-9	1.000000E-9	1.099999E-8	1.099999E-8	1.100000E-8	
1439395348.774	20150812_180228		1.300000E-8	1.000000E+4	6.399987E-9	1.000000E-9	1.099999E-8	1.099999E-8	1.100000E-8	
1439395348.976	20150812_180228		1.300000E-8	1.000000E+4	6.399987E-9	1.000000E-9	1.099999E-8	1.099999E-8	1.100000E-8	
1439395349.176	20150812_180229		1.300000E-8	1.000000E+4	6.399987E-9	1.000000E-9	1.099999E-8	1.099999E-8	1.100000E-8	
1439395349.399	20150812_180229		1.400000E-8	1.000000E+4	6.299987E-9	1.000000E-9	1.099999E-8	1.099999E-8	1.100000E-8	
1439395349.599	20150812_180229		1.400000E-8	1.000000E+4	6.299987E-9	1.000000E-9	1.099999E-8	1.099999E-8	1.100000E-8	
1439395349.799	20150812_180229		1.400000E-8	1.000000E+4	6.299987E-9	1.000000E-9	1.099999E-8	1.099999E-8	1.100000E-8	
1439395350.001	20150812_180230		1.400000E-8	1.000000E+4	6.299987E-9	1.000000E-9	1.099999E-8	1.099999E-8	1.100000E-8	
1439395350.200	20150812_180230		1.400000E-8	1.000000E+4	6.299987E-9	1.000000E-9	1.099999E-8	1.099999E-8	1.100000E-8	
1439395350.402	20150812_180230		1.300000E-8	1.000000E+4	6.299987E-9	1.000000E-9	1.099999E-8	1.099999E-8	1.100000E-8	
1439395350.602	20150812_180230		1.300000E-8	1.000000E+4	6.299987E-9	1.000000E-9	1.099999E-8	1.099999E-8	1.100000E-8	
1439395350.815	20150812_180230		1.300000E-8	1.000000E+4	6.299987E-9	1.000000E-9	1.099999E-8	1.099999E-8	1.100000E-8	
1439395351.081	20150812_180231		1.300000E-8	1.000000E+4	6.299987E-9	1.000000E-9	1.099999E-8	1.099999E-8	1.100000E-8	
1439395351.281	20150812_180231		1.300000E-8	1.000000E+4	6.299987E-9	1.000000E-9	1.099999E-8	1.099999E-8	1.100000E-8	
1439395351.482	20150812_180231		1.300000E-8	1.000000E+4	6.299987E-9	1.000000E-9	9.999992E-9	1.099999E-8	1.100000E-8	
1439395351.682	20150812_180231		1.300000E-8	1.000000E+4	6.299987E-9	1.000000E-9	9.999992E-9	1.099999E-8	1.100000E-8	
1439395351.882	20150812_180231		1.300000E-8	1.000000E+4	6.299987E-9	1.000000E-9	9.999992E-9	1.099999E-8	1.100000E-8	
1439395352.106	20150812_180232		1.300000E-8	1.000000E+4	6.299987E-9	1.000000E-9	9.999992E-9	1.099999E-8	1.100000E-8	
1439395352.383	20150812_180232		1.300000E-8	1.000000E+4	6.199987E-9	1.000000E-9	9.999992E-9	1.099999E-8	1.100000E-8	
1439395352.584	20150812_180232		1.300000E-8	1.000000E+4	6.199987E-9	1.000000E-9	9.999992E-9	1.099999E-8	1.100000E-8	
1439395352.784	20150812_180232		1.300000E-8	1.000000E+4	6.199987E-9	1.000000E-9	9.999992E-9	1.099999E-8	1.100000E-8	
1439395352.984	20150812_180232		1.300000E-8	1.000000E+4	6.199987E-9	1.000000E-9	9.999992E-9	1.099999E-8	1.100000E-8	
1439395353.184	20150812_180233		1.300000E-8	1.000000E+4	6.199987E-9	1.000000E-9	9.999992E-9	1.099999E-8	1.100000E-8	
1439395353.408	20150812_180233		1.300000E-8	1.000000E+4	6.299987E-9	1.000000E-9	9.999992E-9	1.099999E-8	1.100000E-8	
1439395353.684	20150812_180233		1.300000E-8	1.000000E+4	6.299987E-9	1.000000E-9	9.999992E-9	1.099999E-8	1.100000E-8	
1439395353.884	20150812_180233		1.300000E-8	1.000000E+4	6.299987E-9	1.000000E-9	9.999992E-9	1.099999E-8	1.100000E-8	
1439395354.084	20150812_180234		1.300000E-8	1.000000E+4	6.299987E-9	1.000000E-9	9.999992E-9	1.099999E-8	1.100000E-8	
1439395354.285	20150812_180234		1.300000E-8	1.000000E+4	6.299987E-9	1.000000E-9	9.999992E-9	1.099999E-8	1.100000E-8	
1439395354.484	20150812_180234		1.300000E-8	1.000000E+4	6.199987E-9	1.000000E-9	9.999992E-9	1.099999E-8	1.100000E-8	
1439395354.709	20150812_180234		1.300000E-8	1.000000E+4	6.199987E-9	1.000000E-9	9.999992E-9	1.099999E-8	1.100000E-8	
1439395354.907	20150812_180234		1.300000E-8	1.000000E+4	6.199987E-9	1.000000E-9	9.999992E-9	1.099999E-8	1.100000E-8	
1439395355.185	20150812_180235		1.300000E-8	1.000000E+4	6.199987E-9	1.000000E-9	9.999992E-9	1.099999E-8	1.100000E-8	
1439395355.385	20150812_180235		1.400000E-8	1.000000E+4	6.199987E-9	1.000000E-9	9.999992E-9	1.099999E-8	1.100000E-8	
1439395355.585	20150812_180235		1.400000E-8	1.000000E+4	6.199987E-9	1.000000E-9	9.999992E-9	1.099999E-8	1.100000E-8	
1439395355.785	20150812_180235		1.400000E-8	1.000000E+4	6.199987E-9	1.000000E-9	9.999992E-9	1.099999E-8	1.100000E-8	
1439395355.986	20150812_180235		1.400000E-8	1.000000E+4	6.199987E-9	1.000000E-9	9.999992E-9	1.099999E-8	1.100000E-8	
1439395356.210	20150812_180236		1.400000E-8	1.000000E+4	6.199987E-9	1.000000E-9	9.999992E-9	1.099999E-8	1.100000E-8	
1439395356.421	20150812_180236		1.300000E-8	1.000000E+4	6.199987E-9	1.000000E-9	9.999992E-9	1.099999E-8	1.100000E-8	
1439395356.686	20150812_180236		1.300000E-8	1.000000E+4	6.199987E-9	1.000000E-9	9.999992E-9	1.099999E-8	1.100000E-8	
1439395356.885	20150812_180236		1.300000E-8	1.000000E+4	6.199987E-9	1.000000E-9	9.999992E-9	1.099999E-8	1.100000E-8	
1439395357.087	20150812_180237		1.300000E-8	1.000000E+4	6.199987E-9	1.000000E-9	9.999992E-9	1.099999E-8	1.100000E-8	
1439395357.286	20150812_180237		1.300000E-8	1.000000E+4	6.199987E-9	1.000000E-9	9.999992E-9	1.099999E-8	1.100000E-8	
1439395357.487	20150812_180237		1.300000E-8	1.000000E+4	6.299987E-9	1.000000E-9	1.099999E-8	1.099999E-8	1.100000E-8	
1439395357.711	20150812_180237		1.300000E-8	1.000000E+4	6.299987E-9	1.000000E-9	1.099999E-8	1.099999E-8	1.100000E-8	
1439395357.911	20150812_180237		1.300000E-8	1.000000E+4	6.299987E-9	1.000000E-9	1.099999E-8	1.099999E-8	1.100000E-8	
1439395358.188	20150812_180238		1.300000E-8	1.000000E+4	6.299987E-9	1.000000E-9	1.099999E-8	1.099999E-8	1.100000E-8	
1439395358.510	20150812_180238		1.400000E-8	1.000000E+4	6.299987E-9	1.000000E-9	1.199999E-8	1.099999E-8	1.100000E-8	
1439395358.788	20150812_180238		1.400000E-8	1.000000E+4	6.299987E-9	1.000000E-9	1.199999E-8	1.099999E-8	1.100000E-8	
1439395358.988	20150812_180238		1.400000E-8	1.000000E+4	6.299987E-9	1.000000E-9	1.199999E-8	1.099999E-8	1.100000E-8	
1439395359.212	20150812_180239		1.400000E-8	1.000000E+4	6.299987E-9	1.000000E-9	1.199999E-8	1.099999E-8	1.100000E-8	
1439395359.513	20150812_180239		1.300000E-8	1.000000E+4	6.299987E-9	1.000000E-9	1.199999E-8	1.099999E-8	1.200000E-8	
1439395359.813	20150812_180239		1.300000E-8	1.000000E+4	6.299987E-9	1.000000E-9	1.199999E-8	1.099999E-8	1.200000E-8	
1439395360.088	20150812_180240		1.300000E-8	1.000000E+4	6.299987E-9	1.000000E-9	1.199999E-8	1.099999E-8	1.200000E-8	
1439395360.289	20150812_180240		1.300000E-8	1.000000E+4	6.299987E-9	1.000000E-9	1.199999E-8	1.099999E-8	1.200000E-8	
1439395360.513	20150812_180240		1.400000E-8	1.000000E+4	6.299987E-9	1.000000E-9	1.099999E-8	1.099999E-8	1.100000E-8	
1439395360.813	20150812_180240		1.400000E-8	1.000000E+4	6.299987E-9	1.000000E-9	1.099999E-8	1.099999E-8	1.100000E-8	
1439395361.111	20150812_180241		1.400000E-8	1.000000E+4	6.299987E-9	1.000000E-9	1.099999E-8	1.099999E-8	1.100000E-8	
1439395361.390	20150812_180241		1.400000E-8	1.000000E+4	6.299987E-9	1.000000E-9	1.099999E-8	1.099999E-8	1.100000E-8	
1439395361.589	20150812_180241		1.400000E-8	1.000000E+4	6.299987E-9	1.000000E-9	1.099999E-8	1.099999E-8	1.100000E-8	
1439395361.812	20150812_180241		1.400000E-8	1.000000E+4	6.299987E-9	1.000000E-9	1.099999E-8	1.099999E-8	1.100000E-8	
1439395361.990	20150812_180241		1.400000E-8	1.000000E+4	6.299987E-9	1.000000E-9	1.099999E-8	1.099999E-8	1.100000E-8	
1439395362.191	20150812_180242		1.400000E-8	1.000000E+4	6.299987E-9	1.000000E-9	1.099999E-8	1.099999E-8	1.100000E-8	
1439395362.415	20150812_180242		1.400000E-8	1.000000E+4	6.299987E-9	1.000000E-9	1.099999E-8	1.099999E-8	1.200000E-8	
1439395362.614	20150812_180242		1.400000E-8	1.000000E+4	6.299987E-9	1.000000E-9	1.099999E-8	1.099999E-8	1.200000E-8	
1439395362.815	20150812_180242		1.400000E-8	1.000000E+4	6.299987E-9	1.000000E-9	1.099999E-8	1.099999E-8	1.200000E-8	
1439395363.016	20150812_180243		1.400000E-8	1.000000E+4	6.299987E-9	1.000000E-9	1.099999E-8	1.099999E-8	1.200000E-8	
1439395363.294	20150812_180243		1.400000E-8	1.000000E+4	6.299987E-9	1.000000E-9	1.099999E-8	1.099999E-8	1.200000E-8	
1439395363.494	20150812_180243		1.400000E-8	1.000000E+4	6.299987E-9	1.000000E-9	1.099999E-8	1.099999E-8	1.200000E-8	
1439395363.694	20150812_180243		1.400000E-8	1.000000E+4	6.299987E-9	1.000000E-9	1.099999E-8	1.099999E-8	1.200000E-8	
1439395363.895	20150812_180243		1.400000E-8	1.000000E+4	6.299987E-9	1.000000E-9	1.099999E-8	1.099999E-8	1.200000E-8	
1439395364.093	20150812_180244		1.400000E-8	1.000000E+4	6.299987E-9	1.000000E-9	1.099999E-8	1.099999E-8	1.200000E-8	
1439395364.319	20150812_180244		1.400000E-8	1.000000E+4	6.299987E-9	1.000000E-9	1.099999E-8	1.099999E-8	1.200000E-8	
1439395364.519	20150812_180244		1.400000E-8	1.000000E+4	6.299987E-9	1.000000E-9	1.199999E-8	1.099999E-8	1.200000E-8	
1439395364.719	20150812_180244		1.400000E-8	1.000000E+4	6.299987E-9	1.000000E-9	1.199999E-8	1.099999E-8	1.200000E-8	
1439395364.994	20150812_180244		1.400000E-8	1.000000E+4	6.299987E-9	1.000000E-9	1.199999E-8	1.099999E-8	1.200000E-8	
1439395365.194	20150812_180245		1.400000E-8	1.000000E+4	6.299987E-9	1.000000E-9	1.199999E-8	1.099999E-8	1.200000E-8	
1439395365.396	20150812_180245		1.400000E-8	1.000000E+4	6.299987E-9	1.000000E-9	1.199999E-8	1.099999E-8	1.100000E-8	
1439395365.595	20150812_180245		1.400000E-8	1.000000E+4	6.299987E-9	1.000000E-9	1.199999E-8	1.099999E-8	1.100000E-8	
1439395365.796	20150812_180245		1.400000E-8	1.000000E+4	6.299987E-9	1.000000E-9	1.199999E-8	1.099999E-8	1.100000E-8	
1439395366.018	20150812_180246		1.400000E-8	1.000000E+4	6.299987E-9	1.000000E-9	1.199999E-8	1.099999E-8	1.100000E-8	
1439395366.218	20150812_180246		1.400000E-8	1.000000E+4	6.299987E-9	1.000000E-9	1.199999E-8	1.099999E-8	1.100000E-8	
1439395366.417	20150812_180246		1.400000E-8	1.000000E+4	6.299987E-9	1.000000E-9	1.099999E-8	1.099999E-8	1.200000E-8	
1439395366.618	20150812_180246		1.400000E-8	1.000000E+4	6.299987E-9	1.000000E-9	1.099999E-8	1.099999E-8	1.200000E-8	
1439395366.821	20150812_180246		1.400000E-8	1.000000E+4	6.299987E-9	1.000000E-9	1.099999E-8	1.099999E-8	1.200000E-8	
1439395367.098	20150812_180247		1.400000E-8	1.000000E+4	6.299987E-9	1.000000E-9	1.099999E-8	1.099999E-8	1.200000E-8	
1439395367.298	20150812_180247		1.400000E-8	1.000000E+4	6.299987E-9	1.000000E-9	1.099999E-8	1.099999E-8	1.200000E-8	
1439395367.497	20150812_180247		1.400000E-8	1.000000E+4	6.399987E-9	1.000000E-9	1.099999E-8	1.099999E-8	1.200000E-8	
1439395367.699	20150812_180247		1.400000E-8	1.000000E+4	6.399987E-9	1.000000E-9	1.099999E-8	1.099999E-8	1.200000E-8	
1439395367.898	20150812_180247		1.400000E-8	1.000000E+4	6.399987E-9	1.000000E-9	1.099999E-8	1.099999E-8	1.200000E-8	
1439395368.123	20150812_180248		1.400000E-8	1.000000E+4	6.399987E-9	1.000000E-9	1.099999E-8	1.099999E-8	1.200000E-8	
1439395368.323	20150812_180248		1.400000E-8	1.000000E+4	6.399987E-9	1.000000E-9	1.099999E-8	1.099999E-8	1.200000E-8	
1439395368.601	20150812_180248		1.400000E-8	1.000000E+4	6.299987E-9	1.000000E-9	1.099999E-8	1.099999E-8	1.100000E-8	
1439395368.800	20150812_180248		1.400000E-8	1.000000E+4	6.299987E-9	1.000000E-9	1.099999E-8	1.099999E-8	1.100000E-8	
1439395369.000	20150812_180249		1.400000E-8	1.000000E+4	6.299987E-9	1.000000E-9	1.099999E-8	1.099999E-8	1.100000E-8	
1439395369.201	20150812_180249		1.400000E-8	1.000000E+4	6.299987E-9	1.000000E-9	1.099999E-8	1.099999E-8	1.100000E-8	
1439395369.400	20150812_180249		1.400000E-8	1.000000E+4	6.299987E-9	1.000000E-9	9.999992E-9	1.099999E-8	1.100000E-8	
1439395369.624	20150812_180249		1.400000E-8	1.000000E+4	6.299987E-9	1.000000E-9	9.999992E-9	1.099999E-8	1.100000E-8	
1439395369.825	20150812_180249		1.400000E-8	1.000000E+4	6.299987E-9	1.000000E-9	9.999992E-9	1.099999E-8	1.100000E-8	
1439395370.026	20150812_180250		1.400000E-8	1.000000E+4	6.299987E-9	1.000000E-9	9.999992E-9	1.099999E-8	1.100000E-8	
1439395370.300	20150812_180250		1.400000E-8	1.000000E+4	6.299987E-9	1.000000E-9	9.999992E-9	1.099999E-8	1.100000E-8	
1439395370.500	20150812_180250		1.400000E-8	1.000000E+4	6.199987E-9	1.000000E-9	9.999992E-9	1.099999E-8	1.100000E-8	
1439395370.701	20150812_180250		1.400000E-8	1.000000E+4	6.199987E-9	1.000000E-9	9.999992E-9	1.099999E-8	1.100000E-8	
1439395370.900	20150812_180250		1.400000E-8	1.000000E+4	6.199987E-9	1.000000E-9	9.999992E-9	1.099999E-8	1.100000E-8	
1439395371.101	20150812_180251		1.400000E-8	1.000000E+4	6.199987E-9	1.000000E-9	9.999992E-9	1.099999E-8	1.100000E-8	
1439395371.326	20150812_180251		1.400000E-8	1.000000E+4	6.199987E-9	1.000000E-9	9.999992E-9	1.099999E-8	1.100000E-8	
1439395371.603	20150812_180251		1.300000E-8	1.000000E+4	6.199987E-9	1.000000E-9	9.999992E-9	1.099999E-8	1.200000E-8	
1439395371.803	20150812_180251		1.300000E-8	1.000000E+4	6.199987E-9	1.000000E-9	9.999992E-9	1.099999E-8	1.200000E-8	
1439395372.004	20150812_180252		1.300000E-8	1.000000E+4	6.199987E-9	1.000000E-9	9.999992E-9	1.099999E-8	1.200000E-8	
1439395372.204	20150812_180252		1.300000E-8	1.000000E+4	6.199987E-9	1.000000E-9	9.999992E-9	1.099999E-8	1.200000E-8	
1439395372.404	20150812_180252		1.400000E-8	1.000000E+4	6.199987E-9	1.000000E-9	9.999992E-9	1.099999E-8	1.100000E-8	
1439395372.628	20150812_180252		1.400000E-8	1.000000E+4	6.199987E-9	1.000000E-9	9.999992E-9	1.099999E-8	1.100000E-8	
1439395372.904	20150812_180252		1.400000E-8	1.000000E+4	6.199987E-9	1.000000E-9	9.999992E-9	1.099999E-8	1.100000E-8	
1439395373.103	20150812_180253		1.400000E-8	1.000000E+4	6.199987E-9	1.000000E-9	9.999992E-9	1.099999E-8	1.100000E-8	
1439395373.303	20150812_180253		1.400000E-8	1.000000E+4	6.199987E-9	1.000000E-9	9.999992E-9	1.099999E-8	1.100000E-8	
1439395373.503	20150812_180253		1.400000E-8	1.000000E+4	6.199987E-9	1.000000E-9	9.999992E-9	1.099999E-8	1.200000E-8	
1439395373.704	20150812_180253		1.400000E-8	1.000000E+4	6.199987E-9	1.000000E-9	9.999992E-9	1.099999E-8	1.200000E-8	
1439395373.930	20150812_180253		1.400000E-8	1.000000E+4	6.199987E-9	1.000000E-9	9.999992E-9	1.099999E-8	1.200000E-8	
1439395374.204	20150812_180254		1.400000E-8	1.000000E+4	6.199987E-9	1.000000E-9	9.999992E-9	1.099999E-8	1.200000E-8	
1439395374.404	20150812_180254		1.400000E-8	1.000000E+4	6.299987E-9	1.000000E-9	9.999992E-9	1.099999E-8	1.200000E-8	
1439395374.604	20150812_180254		1.400000E-8	1.000000E+4	6.299987E-9	1.000000E-9	9.999992E-9	1.099999E-8	1.200000E-8	
1439395374.805	20150812_180254		1.400000E-8	1.000000E+4	6.299987E-9	1.000000E-9	9.999992E-9	1.099999E-8	1.200000E-8	
1439395375.005	20150812_180255		1.400000E-8	1.000000E+4	6.299987E-9	1.000000E-9	9.999992E-9	1.099999E-8	1.200000E-8	
1439395375.228	20150812_180255		1.400000E-8	1.000000E+4	6.299987E-9	1.000000E-9	9.999992E-9	1.099999E-8	1.200000E-8	
1439395375.429	20150812_180255		1.400000E-8	1.000000E+4	6.299987E-9	1.000000E-9	1.099999E-8	1.099999E-8	1.100000E-8	
1439395375.704	20150812_180255		1.400000E-8	1.000000E+4	6.299987E-9	1.000000E-9	1.099999E-8	1.099999E-8	1.100000E-8	
1439395375.904	20150812_180255		1.400000E-8	1.000000E+4	6.299987E-9	1.000000E-9	1.099999E-8	1.099999E-8	1.100000E-8	
1439395376.105	20150812_180256		1.400000E-8	1.000000E+4	6.299987E-9	1.000000E-9	1.099999E-8	1.099999E-8	1.100000E-8	
1439395376.305	20150812_180256		1.400000E-8	1.000000E+4	6.299987E-9	1.000000E-9	1.099999E-8	1.099999E-8	1.100000E-8	
1439395376.505	20150812_180256		1.400000E-8	1.000000E+4	6.399987E-9	1.000000E-9	1.099999E-8	1.099999E-8	1.100000E-8	
1439395376.730	20150812_180256		1.400000E-8	1.000000E+4	6.399987E-9	1.000000E-9	1.099999E-8	1.099999E-8	1.100000E-8	
1439395376.927	20150812_180256		1.400000E-8	1.000000E+4	6.399987E-9	1.000000E-9	1.099999E-8	1.099999E-8	1.100000E-8	
1439395377.130	20150812_180257		1.400000E-8	1.000000E+4	6.399987E-9	1.000000E-9	1.099999E-8	1.099999E-8	1.100000E-8	
1439395377.407	20150812_180257		1.400000E-8	1.000000E+4	6.299987E-9	1.000000E-9	1.099999E-8	1.099999E-8	1.100000E-8	
1439395377.606	20150812_180257		1.400000E-8	1.000000E+4	6.299987E-9	1.000000E-9	1.099999E-8	1.099999E-8	1.100000E-8	
1439395377.805	20150812_180257		1.400000E-8	1.000000E+4	6.299987E-9	1.000000E-9	1.099999E-8	1.099999E-8	1.100000E-8	
1439395378.006	20150812_180258		1.400000E-8	1.000000E+4	6.299987E-9	1.000000E-9	1.099999E-8	1.099999E-8	1.100000E-8	
1439395378.206	20150812_180258		1.400000E-8	1.000000E+4	6.299987E-9	1.000000E-9	1.099999E-8	1.099999E-8	1.100000E-8	
1439395378.431	20150812_180258		1.300000E-8	1.000000E+4	6.199987E-9	1.000000E-9	1.099999E-8	1.099999E-8	1.100000E-8	
1439395378.706	20150812_180258		1.300000E-8	1.000000E+4	6.199987E-9	1.000000E-9	1.099999E-8	1.099999E-8	1.100000E-8	
1439395378.906	20150812_180258		1.300000E-8	1.000000E+4	6.199987E-9	1.000000E-9	1.099999E-8	1.099999E-8	1.100000E-8	
1439395379.107	20150812_180259		1.300000E-8	1.000000E+4	6.199987E-9	1.000000E-9	1.099999E-8	1.099999E-8	1.100000E-8	
1439395379.305	20150812_180259		1.300000E-8	1.000000E+4	6.199987E-9	1.000000E-9	1.099999E-8	1.099999E-8	1.100000E-8	
1439395379.505	20150812_180259		1.400000E-8	1.000000E+4	6.299987E-9	1.000000E-9	1.099999E-8	1.099999E-8	1.100000E-8	
1439395379.730	20150812_180259		1.400000E-8	1.000000E+4	6.299987E-9	1.000000E-9	1.099999E-8	1.099999E-8	1.100000E-8	
1439395379.939	20150812_180259		1.400000E-8	1.000000E+4	6.299987E-9	1.000000E-9	1.099999E-8	1.099999E-8	1.100000E-8	
1439395380.206	20150812_180300		1.400000E-8	1.000000E+4	6.299987E-9	1.000000E-9	1.099999E-8	1.099999E-8	1.100000E-8	
1439395380.423	20150812_180300		1.300000E-8	1.000000E+4	6.399987E-9	1.000000E-9	1.099999E-8	1.099999E-8	1.100000E-8	
1439395380.728	20150812_180300		1.300000E-8	1.000000E+4	6.399987E-9	1.000000E-9	1.099999E-8	1.099999E-8	1.100000E-8	
1439395381.006	20150812_180301		1.300000E-8	1.000000E+4	6.399987E-9	1.000000E-9	1.099999E-8	1.099999E-8	1.100000E-8	
1439395381.228	20150812_180301		1.300000E-8	1.000000E+4	6.399987E-9	1.000000E-9	1.099999E-8	1.099999E-8	1.100000E-8	
1439395381.428	20150812_180301		1.400000E-8	1.000000E+4	6.399987E-9	1.000000E-9	1.099999E-8	1.099999E-8	1.200000E-8	
1439395381.730	20150812_180301		1.400000E-8	1.000000E+4	6.399987E-9	1.000000E-9	1.099999E-8	1.099999E-8	1.200000E-8	
1439395382.032	20150812_180302		1.400000E-8	1.000000E+4	6.399987E-9	1.000000E-9	1.099999E-8	1.099999E-8	1.200000E-8	
1439395382.228	20150812_180302		1.400000E-8	1.000000E+4	6.399987E-9	1.000000E-9	1.099999E-8	1.099999E-8	1.200000E-8	
1439395382.432	20150812_180302		1.300000E-8	1.000000E+4	6.299987E-9	1.000000E-9	1.099999E-8	1.099999E-8	1.100000E-8	
1439395382.606	20150812_180302		1.300000E-8	1.000000E+4	6.299987E-9	1.000000E-9	1.099999E-8	1.099999E-8	1.100000E-8	
1439395382.806	20150812_180302		1.300000E-8	1.000000E+4	6.299987E-9	1.000000E-9	1.099999E-8	1.099999E-8	1.100000E-8	
1439395383.032	20150812_180303		1.300000E-8	1.000000E+4	6.299987E-9	1.000000E-9	1.099999E-8	1.099999E-8	1.100000E-8	
1439395383.307	20150812_180303		1.300000E-8	1.000000E+4	6.299987E-9	1.000000E-9	1.099999E-8	1.099999E-8	1.100000E-8	
1439395383.506	20150812_180303		1.400000E-8	1.000000E+4	6.399987E-9	1.000000E-9	1.099999E-8	1.099999E-8	1.100000E-8	
1439395383.706	20150812_180303		1.400000E-8	1.000000E+4	6.399987E-9	1.000000E-9	1.099999E-8	1.099999E-8	1.100000E-8	
1439395384.030	20150812_180304		1.400000E-8	1.000000E+4	6.399987E-9	1.000000E-9	1.099999E-8	1.099999E-8	1.100000E-8	
1439395384.207	20150812_180304		1.400000E-8	1.000000E+4	6.399987E-9	1.000000E-9	1.099999E-8	1.099999E-8	1.100000E-8	
1439395384.408	20150812_180304		1.400000E-8	1.000000E+4	6.399987E-9	1.000000E-9	1.099999E-8	1.099999E-8	1.200000E-8	
1439395384.608	20150812_180304		1.400000E-8	1.000000E+4	6.399987E-9	1.000000E-9	1.099999E-8	1.099999E-8	1.200000E-8	
1439395384.807	20150812_180304		1.400000E-8	1.000000E+4	6.399987E-9	1.000000E-9	1.099999E-8	1.099999E-8	1.200000E-8	
1439395385.030	20150812_180305		1.400000E-8	1.000000E+4	6.399987E-9	1.000000E-9	1.099999E-8	1.099999E-8	1.200000E-8	
1439395385.308	20150812_180305		1.400000E-8	1.000000E+4	6.399987E-9	1.000000E-9	1.099999E-8	1.099999E-8	1.200000E-8	
1439395385.508	20150812_180305		1.400000E-8	1.000000E+4	6.299987E-9	1.000000E-9	1.099999E-8	1.099999E-8	1.200000E-8	
1439395385.708	20150812_180305		1.400000E-8	1.000000E+4	6.299987E-9	1.000000E-9	1.099999E-8	1.099999E-8	1.200000E-8	
1439395385.907	20150812_180305		1.400000E-8	1.000000E+4	6.299987E-9	1.000000E-9	1.099999E-8	1.099999E-8	1.200000E-8	
1439395386.108	20150812_180306		1.400000E-8	1.000000E+4	6.299987E-9	1.000000E-9	1.099999E-8	1.099999E-8	1.200000E-8	
1439395386.333	20150812_180306		1.400000E-8	1.000000E+4	6.299987E-9	1.000000E-9	1.099999E-8	1.099999E-8	1.200000E-8	
1439395386.531	20150812_180306		1.400000E-8	1.000000E+4	6.299987E-9	1.000000E-9	1.099999E-8	1.099999E-8	1.200000E-8	
1439395386.808	20150812_180306		1.400000E-8	1.000000E+4	6.299987E-9	1.000000E-9	1.099999E-8	1.099999E-8	1.200000E-8	
1439395387.009	20150812_180307		1.400000E-8	1.000000E+4	6.299987E-9	1.000000E-9	1.099999E-8	1.099999E-8	1.200000E-8	
1439395387.208	20150812_180307		1.400000E-8	1.000000E+4	6.299987E-9	1.000000E-9	1.099999E-8	1.099999E-8	1.200000E-8	
1439395387.409	20150812_180307		1.400000E-8	1.000000E+4	6.299987E-9	1.000000E-9	9.999992E-9	1.099999E-8	1.200000E-8	
1439395387.608	20150812_180307		1.400000E-8	1.000000E+4	6.299987E-9	1.000000E-9	9.999992E-9	1.099999E-8	1.200000E-8	
1439395387.833	20150812_180307		1.400000E-8	1.000000E+4	6.299987E-9	1.000000E-9	9.999992E-9	1.099999E-8	1.200000E-8	
1439395388.034	20150812_180308		1.400000E-8	1.000000E+4	6.299987E-9	1.000000E-9	9.999992E-9	1.099999E-8	1.200000E-8	
1439395388.308	20150812_180308		1.400000E-8	1.000000E+4	6.299987E-9	1.000000E-9	9.999992E-9	1.099999E-8	1.200000E-8	
1439395388.509	20150812_180308		1.400000E-8	1.000000E+4	6.299987E-9	1.000000E-9	9.999992E-9	1.099999E-8	1.100000E-8	
1439395388.831	20150812_180308		1.400000E-8	1.000000E+4	6.299987E-9	1.000000E-9	9.999992E-9	1.099999E-8	1.100000E-8	
1439395389.108	20150812_180309		1.400000E-8	1.000000E+4	6.299987E-9	1.000000E-9	9.999992E-9	1.099999E-8	1.100000E-8	
1439395389.334	20150812_180309		1.400000E-8	1.000000E+4	6.299987E-9	1.000000E-9	9.999992E-9	1.099999E-8	1.100000E-8	
1439395389.532	20150812_180309		1.400000E-8	1.000000E+4	6.199987E-9	1.000000E-9	9.999992E-9	1.099999E-8	1.200000E-8	
1439395389.831	20150812_180309		1.400000E-8	1.000000E+4	6.199987E-9	1.000000E-9	9.999992E-9	1.099999E-8	1.200000E-8	
1439395390.010	20150812_180310		1.400000E-8	1.000000E+4	6.199987E-9	1.000000E-9	9.999992E-9	1.099999E-8	1.200000E-8	
1439395390.210	20150812_180310		1.400000E-8	1.000000E+4	6.199987E-9	1.000000E-9	9.999992E-9	1.099999E-8	1.200000E-8	
1439395390.410	20150812_180310		1.400000E-8	1.000000E+4	6.299987E-9	1.000000E-9	9.999992E-9	1.099999E-8	1.200000E-8	
1439395390.608	20150812_180310		1.400000E-8	1.000000E+4	6.299987E-9	1.000000E-9	9.999992E-9	1.099999E-8	1.200000E-8	
1439395390.835	20150812_180310		1.400000E-8	1.000000E+4	6.299987E-9	1.000000E-9	9.999992E-9	1.099999E-8	1.200000E-8	
1439395391.110	20150812_180311		1.400000E-8	1.000000E+4	6.299987E-9	1.000000E-9	9.999992E-9	1.099999E-8	1.200000E-8	
1439395391.310	20150812_180311		1.400000E-8	1.000000E+4	6.299987E-9	1.000000E-9	9.999992E-9	1.099999E-8	1.200000E-8	
1439395391.511	20150812_180311		1.400000E-8	1.000000E+4	6.299987E-9	1.000000E-9	9.999992E-9	1.099999E-8	1.100000E-8	
1439395391.712	20150812_180311		1.400000E-8	1.000000E+4	6.299987E-9	1.000000E-9	9.999992E-9	1.099999E-8	1.100000E-8	
1439395391.912	20150812_180311		1.400000E-8	1.000000E+4	6.299987E-9	1.000000E-9	9.999992E-9	1.099999E-8	1.100000E-8	
1439395392.135	20150812_180312		1.400000E-8	1.000000E+4	6.299987E-9	1.000000E-9	9.999992E-9	1.099999E-8	1.100000E-8	
1439395392.414	20150812_180312		1.400000E-8	1.000000E+4	6.299987E-9	1.000000E-9	9.999992E-9	1.099999E-8	1.200000E-8	
1439395392.615	20150812_180312		1.400000E-8	1.000000E+4	6.299987E-9	1.000000E-9	9.999992E-9	1.099999E-8	1.200000E-8	
1439395392.815	20150812_180312		1.400000E-8	1.000000E+4	6.299987E-9	1.000000E-9	9.999992E-9	1.099999E-8	1.200000E-8	
1439395393.014	20150812_180313		1.400000E-8	1.000000E+4	6.299987E-9	1.000000E-9	9.999992E-9	1.099999E-8	1.200000E-8	
1439395393.216	20150812_180313		1.400000E-8	1.000000E+4	6.299987E-9	1.000000E-9	9.999992E-9	1.099999E-8	1.200000E-8	
1439395393.440	20150812_180313		1.400000E-8	1.000000E+4	6.299987E-9	1.000000E-9	1.099999E-8	1.099999E-8	1.100000E-8	
1439395393.640	20150812_180313		1.400000E-8	1.000000E+4	6.299987E-9	1.000000E-9	1.099999E-8	1.099999E-8	1.100000E-8	
1439395393.840	20150812_180313		1.400000E-8	1.000000E+4	6.299987E-9	1.000000E-9	1.099999E-8	1.099999E-8	1.100000E-8	
1439395394.040	20150812_180314		1.400000E-8	1.000000E+4	6.299987E-9	1.000000E-9	1.099999E-8	1.099999E-8	1.100000E-8	
1439395394.315	20150812_180314		1.400000E-8	1.000000E+4	6.299987E-9	1.000000E-9	1.099999E-8	1.099999E-8	1.100000E-8	
1439395394.515	20150812_180314		1.400000E-8	1.000000E+4	6.399987E-9	1.000000E-9	1.099999E-8	1.099999E-8	1.100000E-8	
1439395394.715	20150812_180314		1.400000E-8	1.000000E+4	6.399987E-9	1.000000E-9	1.099999E-8	1.099999E-8	1.100000E-8	
1439395394.916	20150812_180314		1.400000E-8	1.000000E+4	6.399987E-9	1.000000E-9	1.099999E-8	1.099999E-8	1.100000E-8	
1439395395.116	20150812_180315		1.400000E-8	1.000000E+4	6.399987E-9	1.000000E-9	1.099999E-8	1.099999E-8	1.100000E-8	
1439395395.341	20150812_180315		1.400000E-8	1.000000E+4	6.399987E-9	1.000000E-9	1.099999E-8	1.099999E-8	1.100000E-8	
1439395395.541	20150812_180315		1.400000E-8	1.000000E+4	6.299987E-9	1.000000E-9	1.099999E-8	1.099999E-8	1.100000E-8	
1439395395.740	20150812_180315		1.400000E-8	1.000000E+4	6.299987E-9	1.000000E-9	1.099999E-8	1.099999E-8	1.100000E-8	
1439395396.017	20150812_180316		1.400000E-8	1.000000E+4	6.299987E-9	1.000000E-9	1.099999E-8	1.099999E-8	1.100000E-8	
1439395396.218	20150812_180316		1.400000E-8	1.000000E+4	6.299987E-9	1.000000E-9	1.099999E-8	1.099999E-8	1.100000E-8	
1439395396.417	20150812_180316		1.300000E-8	1.000000E+4	6.399987E-9	1.000000E-9	1.099999E-8	1.099999E-8	1.100000E-8	
1439395396.617	20150812_180316		1.300000E-8	1.000000E+4	6.399987E-9	1.000000E-9	1.099999E-8	1.099999E-8	1.100000E-8	
1439395396.817	20150812_180316		1.300000E-8	1.000000E+4	6.399987E-9	1.000000E-9	1.099999E-8	1.099999E-8	1.100000E-8	
1439395397.043	20150812_180317		1.300000E-8	1.000000E+4	6.399987E-9	1.000000E-9	1.099999E-8	1.099999E-8	1.100000E-8	
1439395397.316	20150812_180317		1.300000E-8	1.000000E+4	6.399987E-9	1.000000E-9	1.099999E-8	1.099999E-8	1.100000E-8	
1439395397.518	20150812_180317		1.400000E-8	1.000000E+4	6.299987E-9	1.000000E-9	1.099999E-8	1.099999E-8	1.100000E-8	
1439395397.719	20150812_180317		1.400000E-8	1.000000E+4	6.299987E-9	1.000000E-9	1.099999E-8	1.099999E-8	1.100000E-8	
1439395397.919	20150812_180317		1.400000E-8	1.000000E+4	6.299987E-9	1.000000E-9	1.099999E-8	1.099999E-8	1.100000E-8	
1439395398.119	20150812_180318		1.400000E-8	1.000000E+4	6.299987E-9	1.000000E-9	1.099999E-8	1.099999E-8	1.100000E-8	
1439395398.342	20150812_180318		1.400000E-8	1.000000E+4	6.299987E-9	1.000000E-9	1.099999E-8	1.099999E-8	1.100000E-8	
1439395398.544	20150812_180318		1.300000E-8	1.000000E+4	6.199987E-9	1.000000E-9	1.099999E-8	1.099999E-8	1.100000E-8	
1439395398.820	20150812_180318		1.300000E-8	1.000000E+4	6.199987E-9	1.000000E-9	1.099999E-8	1.099999E-8	1.100000E-8	
1439395399.020	20150812_180319		1.300000E-8	1.000000E+4	6.199987E-9	1.000000E-9	1.099999E-8	1.099999E-8	1.100000E-8	
1439395399.220	20150812_180319		1.300000E-8	1.000000E+4	6.199987E-9	1.000000E-9	1.099999E-8	1.099999E-8	1.100000E-8	
1439395399.421	20150812_180319		1.400000E-8	1.000000E+4	6.299987E-9	1.000000E-9	1.099999E-8	1.099999E-8	1.200000E-8	
1439395399.620	20150812_180319		1.400000E-8	1.000000E+4	6.299987E-9	1.000000E-9	1.099999E-8	1.099999E-8	1.200000E-8	
1439395399.846	20150812_180319		1.400000E-8	1.000000E+4	6.299987E-9	1.000000E-9	1.099999E-8	1.099999E-8	1.200000E-8	
1439395400.121	20150812_180320		1.400000E-8	1.000000E+4	6.299987E-9	1.000000E-9	1.099999E-8	1.099999E-8	1.200000E-8	
1439395400.319	20150812_180320		1.400000E-8	1.000000E+4	6.299987E-9	1.000000E-9	1.099999E-8	1.099999E-8	1.200000E-8	
1439395400.520	20150812_180320		1.300000E-8	1.000000E+4	6.299987E-9	1.000000E-9	1.099999E-8	1.099999E-8	1.100000E-8	
1439395400.721	20150812_180320		1.300000E-8	1.000000E+4	6.299987E-9	1.000000E-9	1.099999E-8	1.099999E-8	1.100000E-8	
1439395400.921	20150812_180320		1.300000E-8	1.000000E+4	6.299987E-9	1.000000E-9	1.099999E-8	1.099999E-8	1.100000E-8	
1439395401.146	20150812_180321		1.300000E-8	1.000000E+4	6.299987E-9	1.000000E-9	1.099999E-8	1.099999E-8	1.100000E-8	
1439395401.343	20150812_180321		1.300000E-8	1.000000E+4	6.299987E-9	1.000000E-9	1.099999E-8	1.099999E-8	1.100000E-8	
1439395401.622	20150812_180321		1.400000E-8	1.000000E+4	6.399987E-9	1.000000E-9	1.099999E-8	1.099999E-8	1.100000E-8	
1439395401.822	20150812_180321		1.400000E-8	1.000000E+4	6.399987E-9	1.000000E-9	1.099999E-8	1.099999E-8	1.100000E-8	
1439395402.023	20150812_180322		1.400000E-8	1.000000E+4	6.399987E-9	1.000000E-9	1.099999E-8	1.099999E-8	1.100000E-8	
1439395402.223	20150812_180322		1.400000E-8	1.000000E+4	6.399987E-9	1.000000E-9	1.099999E-8	1.099999E-8	1.100000E-8	
1439395402.423	20150812_180322		1.400000E-8	1.000000E+4	6.399987E-9	1.000000E-9	1.099999E-8	1.099999E-8	1.100000E-8	
1439395402.646	20150812_180322		1.400000E-8	1.000000E+4	6.399987E-9	1.000000E-9	1.099999E-8	1.099999E-8	1.100000E-8	
1439395402.845	20150812_180322		1.400000E-8	1.000000E+4	6.399987E-9	1.000000E-9	1.099999E-8	1.099999E-8	1.100000E-8	
1439395403.047	20150812_180323		1.400000E-8	1.000000E+4	6.399987E-9	1.000000E-9	1.099999E-8	1.099999E-8	1.100000E-8	
1439395403.248	20150812_180323		1.400000E-8	1.000000E+4	6.399987E-9	1.000000E-9	1.099999E-8	1.099999E-8	1.100000E-8	
1439395403.448	20150812_180323		1.400000E-8	1.000000E+4	6.299987E-9	1.000000E-9	1.099999E-8	1.099999E-8	1.100000E-8	
1439395403.723	20150812_180323		1.400000E-8	1.000000E+4	6.299987E-9	1.000000E-9	1.099999E-8	1.099999E-8	1.100000E-8	
1439395403.922	20150812_180323		1.400000E-8	1.000000E+4	6.299987E-9	1.000000E-9	1.099999E-8	1.099999E-8	1.100000E-8	
1439395404.123	20150812_180324		1.400000E-8	1.000000E+4	6.299987E-9	1.000000E-9	1.099999E-8	1.099999E-8	1.100000E-8	
1439395404.322	20150812_180324		1.400000E-8	1.000000E+4	6.299987E-9	1.000000E-9	1.099999E-8	1.099999E-8	1.100000E-8	
1439395404.522	20150812_180324		1.400000E-8	1.000000E+4	6.199987E-9	1.000000E-9	1.099999E-8	1.099999E-8	1.100000E-8	
1439395404.748	20150812_180324		1.400000E-8	1.000000E+4	6.199987E-9	1.000000E-9	1.099999E-8	1.099999E-8	1.100000E-8	
1439395404.947	20150812_180324		1.400000E-8	1.000000E+4	6.199987E-9	1.000000E-9	1.099999E-8	1.099999E-8	1.100000E-8	
1439395405.223	20150812_180325		1.400000E-8	1.000000E+4	6.199987E-9	1.000000E-9	1.099999E-8	1.099999E-8	1.100000E-8	
1439395405.424	20150812_180325		1.400000E-8	1.000000E+4	6.299987E-9	1.000000E-9	9.999992E-9	1.099999E-8	1.100000E-8	
1439395405.625	20150812_180325		1.400000E-8	1.000000E+4	6.299987E-9	1.000000E-9	9.999992E-9	1.099999E-8	1.100000E-8	
1439395405.824	20150812_180325		1.400000E-8	1.000000E+4	6.299987E-9	1.000000E-9	9.999992E-9	1.099999E-8	1.100000E-8	
1439395406.026	20150812_180326		1.400000E-8	1.000000E+4	6.299987E-9	1.000000E-9	9.999992E-9	1.099999E-8	1.100000E-8	
1439395406.250	20150812_180326		1.400000E-8	1.000000E+4	6.299987E-9	1.000000E-9	9.999992E-9	1.099999E-8	1.100000E-8	
1439395406.525	20150812_180326		1.400000E-8	1.000000E+4	6.199987E-9	1.000000E-9	9.999992E-9	1.099999E-8	1.100000E-8	
1439395406.724	20150812_180326		1.400000E-8	1.000000E+4	6.199987E-9	1.000000E-9	9.999992E-9	1.099999E-8	1.100000E-8	
1439395406.924	20150812_180326		1.400000E-8	1.000000E+4	6.199987E-9	1.000000E-9	9.999992E-9	1.099999E-8	1.100000E-8	
1439395407.124	20150812_180327		1.400000E-8	1.000000E+4	6.199987E-9	1.000000E-9	9.999992E-9	1.099999E-8	1.100000E-8	
1439395407.324	20150812_180327		1.400000E-8	1.000000E+4	6.199987E-9	1.000000E-9	9.999992E-9	1.099999E-8	1.100000E-8	
1439395407.550	20150812_180327		1.300000E-8	1.000000E+4	6.199987E-9	1.000000E-9	9.999992E-9	1.099999E-8	1.100000E-8	
1439395407.826	20150812_180327		1.300000E-8	1.000000E+4	6.199987E-9	1.000000E-9	9.999992E-9	1.099999E-8	1.100000E-8	
1439395408.026	20150812_180328		1.300000E-8	1.000000E+4	6.199987E-9	1.000000E-9	9.999992E-9	1.099999E-8	1.100000E-8	
1439395408.226	20150812_180328		1.300000E-8	1.000000E+4	6.199987E-9	1.000000E-9	9.999992E-9	1.099999E-8	1.100000E-8	
1439395408.427	20150812_180328		1.300000E-8	1.000000E+4	6.199987E-9	1.000000E-9	9.999992E-9	1.099999E-8	1.200000E-8	
1439395408.628	20150812_180328		1.300000E-8	1.000000E+4	6.199987E-9	1.000000E-9	9.999992E-9	1.099999E-8	1.200000E-8	
1439395408.930	20150812_180328		1.300000E-8	1.000000E+4	6.199987E-9	1.000000E-9	9.999992E-9	1.099999E-8	1.200000E-8	
1439395409.130	20150812_180329		1.300000E-8	1.000000E+4	6.199987E-9	1.000000E-9	9.999992E-9	1.099999E-8	1.200000E-8	
1439395409.330	20150812_180329		1.400000E-8	1.000000E+4	6.299987E-9	1.000000E-9	9.999992E-9	1.099999E-8	1.200000E-8	
1439395409.529	20150812_180329		1.400000E-8	1.000000E+4	6.299987E-9	1.000000E-9	9.999992E-9	1.099999E-8	1.200000E-8	
1439395409.729	20150812_180329		1.400000E-8	1.000000E+4	6.299987E-9	1.000000E-9	9.999992E-9	1.099999E-8	1.200000E-8	
1439395409.955	20150812_180329		1.400000E-8	1.000000E+4	6.299987E-9	1.000000E-9	9.999992E-9	1.099999E-8	1.200000E-8	
1439395410.228	20150812_180330		1.400000E-8	1.000000E+4	6.299987E-9	1.000000E-9	9.999992E-9	1.099999E-8	1.200000E-8	
1439395410.430	20150812_180330		1.400000E-8	1.000000E+4	6.299987E-9	1.000000E-9	9.999992E-9	1.099999E-8	1.200000E-8	
1439395410.629	20150812_180330		1.400000E-8	1.000000E+4	6.299987E-9	1.000000E-9	9.999992E-9	1.099999E-8	1.200000E-8	
1439395410.828	20150812_180330		1.400000E-8	1.000000E+4	6.299987E-9	1.000000E-9	9.999992E-9	1.099999E-8	1.200000E-8	
1439395411.030	20150812_180331		1.400000E-8	1.000000E+4	6.299987E-9	1.000000E-9	9.999992E-9	1.099999E-8	1.200000E-8	
1439395411.254	20150812_180331		1.400000E-8	1.000000E+4	6.299987E-9	1.000000E-9	9.999992E-9	1.099999E-8	1.200000E-8	
1439395411.532	20150812_180331		1.400000E-8	1.000000E+4	6.199987E-9	1.000000E-9	1.099999E-8	1.099999E-8	1.200000E-8	
1439395411.732	20150812_180331		1.400000E-8	1.000000E+4	6.199987E-9	1.000000E-9	1.099999E-8	1.099999E-8	1.200000E-8	
1439395411.932	20150812_180331		1.400000E-8	1.000000E+4	6.199987E-9	1.000000E-9	1.099999E-8	1.099999E-8	1.200000E-8	
1439395412.132	20150812_180332		1.400000E-8	1.000000E+4	6.199987E-9	1.000000E-9	1.099999E-8	1.099999E-8	1.200000E-8	
1439395412.332	20150812_180332		1.400000E-8	1.000000E+4	6.199987E-9	1.000000E-9	1.099999E-8	1.099999E-8	1.200000E-8	
1439395412.555	20150812_180332		1.400000E-8	1.000000E+4	6.399987E-9	1.000000E-9	1.199999E-8	1.099999E-8	1.200000E-8	
1439395412.757	20150812_180332		1.400000E-8	1.000000E+4	6.399987E-9	1.000000E-9	1.199999E-8	1.099999E-8	1.200000E-8	
1439395413.033	20150812_180333		1.400000E-8	1.000000E+4	6.399987E-9	1.000000E-9	1.199999E-8	1.099999E-8	1.200000E-8	
1439395413.234	20150812_180333		1.400000E-8	1.000000E+4	6.399987E-9	1.000000E-9	1.199999E-8	1.099999E-8	1.200000E-8	
1439395413.434	20150812_180333		1.400000E-8	1.000000E+4	6.299987E-9	1.000000E-9	1.099999E-8	1.099999E-8	1.200000E-8	
1439395413.633	20150812_180333		1.400000E-8	1.000000E+4	6.299987E-9	1.000000E-9	1.099999E-8	1.099999E-8	1.200000E-8	
1439395413.833	20150812_180333		1.400000E-8	1.000000E+4	6.299987E-9	1.000000E-9	1.099999E-8	1.099999E-8	1.200000E-8	
1439395414.057	20150812_180334		1.400000E-8	1.000000E+4	6.299987E-9	1.000000E-9	1.099999E-8	1.099999E-8	1.200000E-8	
1439395414.259	20150812_180334		1.400000E-8	1.000000E+4	6.299987E-9	1.000000E-9	1.099999E-8	1.099999E-8	1.200000E-8	
1439395414.535	20150812_180334		1.400000E-8	1.000000E+4	6.299987E-9	1.000000E-9	1.099999E-8	1.099999E-8	1.200000E-8	
1439395414.735	20150812_180334		1.400000E-8	1.000000E+4	6.299987E-9	1.000000E-9	1.099999E-8	1.099999E-8	1.200000E-8	
1439395414.935	20150812_180334		1.400000E-8	1.000000E+4	6.299987E-9	1.000000E-9	1.099999E-8	1.099999E-8	1.200000E-8	
1439395415.136	20150812_180335		1.400000E-8	1.000000E+4	6.299987E-9	1.000000E-9	1.099999E-8	1.099999E-8	1.200000E-8	
1439395415.336	20150812_180335		1.400000E-8	1.000000E+4	6.399987E-9	1.000000E-9	1.099999E-8	1.099999E-8	1.200000E-8	
1439395415.561	20150812_180335		1.400000E-8	1.000000E+4	6.399987E-9	1.000000E-9	1.099999E-8	1.099999E-8	1.200000E-8	
1439395415.761	20150812_180335		1.400000E-8	1.000000E+4	6.399987E-9	1.000000E-9	1.099999E-8	1.099999E-8	1.200000E-8	
1439395415.961	20150812_180335		1.400000E-8	1.000000E+4	6.399987E-9	1.000000E-9	1.099999E-8	1.099999E-8	1.200000E-8	
1439395416.236	20150812_180336		1.400000E-8	1.000000E+4	6.399987E-9	1.000000E-9	1.099999E-8	1.099999E-8	1.200000E-8	
1439395416.436	20150812_180336		1.400000E-8	1.000000E+4	6.299987E-9	1.000000E-9	1.099999E-8	1.099999E-8	1.200000E-8	
1439395416.636	20150812_180336		1.400000E-8	1.000000E+4	6.299987E-9	1.000000E-9	1.099999E-8	1.099999E-8	1.200000E-8	
1439395416.836	20150812_180336		1.400000E-8	1.000000E+4	6.299987E-9	1.000000E-9	1.099999E-8	1.099999E-8	1.200000E-8	
1439395417.036	20150812_180337		1.400000E-8	1.000000E+4	6.299987E-9	1.000000E-9	1.099999E-8	1.099999E-8	1.200000E-8	
1439395417.262	20150812_180337		1.400000E-8	1.000000E+4	6.299987E-9	1.000000E-9	1.099999E-8	1.099999E-8	1.200000E-8	
1439395417.538	20150812_180337		1.400000E-8	1.000000E+4	6.299987E-9	1.000000E-9	1.099999E-8	1.099999E-8	1.200000E-8	
1439395417.738	20150812_180337		1.400000E-8	1.000000E+4	6.299987E-9	1.000000E-9	1.099999E-8	1.099999E-8	1.200000E-8	
1439395417.937	20150812_180337		1.400000E-8	1.000000E+4	6.299987E-9	1.000000E-9	1.099999E-8	1.099999E-8	1.200000E-8	
1439395418.138	20150812_180338		1.400000E-8	1.000000E+4	6.299987E-9	1.000000E-9	1.099999E-8	1.099999E-8	1.200000E-8	
1439395418.338	20150812_180338		1.400000E-8	1.000000E+4	6.299987E-9	1.000000E-9	1.099999E-8	1.099999E-8	1.200000E-8	
1439395418.561	20150812_180338		1.400000E-8	1.000000E+4	6.299987E-9	1.000000E-9	1.099999E-8	1.099999E-8	1.200000E-8	
1439395418.761	20150812_180338		1.400000E-8	1.000000E+4	6.299987E-9	1.000000E-9	1.099999E-8	1.099999E-8	1.200000E-8	
1439395419.039	20150812_180339		1.400000E-8	1.000000E+4	6.299987E-9	1.000000E-9	1.099999E-8	1.099999E-8	1.200000E-8	
1439395419.238	20150812_180339		1.400000E-8	1.000000E+4	6.299987E-9	1.000000E-9	1.099999E-8	1.099999E-8	1.200000E-8	
1439395419.438	20150812_180339		1.400000E-8	1.000000E+4	6.299987E-9	1.000000E-9	1.099999E-8	1.099999E-8	1.100000E-8	
1439395419.638	20150812_180339		1.400000E-8	1.000000E+4	6.299987E-9	1.000000E-9	1.099999E-8	1.099999E-8	1.100000E-8	
1439395419.837	20150812_180339		1.400000E-8	1.000000E+4	6.299987E-9	1.000000E-9	1.099999E-8	1.099999E-8	1.100000E-8	
1439395420.063	20150812_180340		1.400000E-8	1.000000E+4	6.299987E-9	1.000000E-9	1.099999E-8	1.099999E-8	1.100000E-8	
1439395420.263	20150812_180340		1.400000E-8	1.000000E+4	6.299987E-9	1.000000E-9	1.099999E-8	1.099999E-8	1.100000E-8	
1439395420.463	20150812_180340		1.400000E-8	1.000000E+4	6.399987E-9	1.000000E-9	1.099999E-8	1.099999E-8	1.200000E-8	
1439395420.663	20150812_180340		1.400000E-8	1.000000E+4	6.399987E-9	1.000000E-9	1.099999E-8	1.099999E-8	1.200000E-8	
1439395420.864	20150812_180340		1.400000E-8	1.000000E+4	6.399987E-9	1.000000E-9	1.099999E-8	1.099999E-8	1.200000E-8	
1439395421.064	20150812_180341		1.400000E-8	1.000000E+4	6.399987E-9	1.000000E-9	1.099999E-8	1.099999E-8	1.200000E-8	
1439395421.339	20150812_180341		1.400000E-8	1.000000E+4	6.299987E-9	1.000000E-9	1.099999E-8	1.099999E-8	1.200000E-8	
1439395421.541	20150812_180341		1.400000E-8	1.000000E+4	6.299987E-9	1.000000E-9	1.099999E-8	1.099999E-8	1.200000E-8	
1439395421.741	20150812_180341		1.400000E-8	1.000000E+4	6.299987E-9	1.000000E-9	1.099999E-8	1.099999E-8	1.200000E-8	
1439395421.942	20150812_180341		1.400000E-8	1.000000E+4	6.299987E-9	1.000000E-9	1.099999E-8	1.099999E-8	1.200000E-8	
1439395422.141	20150812_180342		1.400000E-8	1.000000E+4	6.299987E-9	1.000000E-9	1.099999E-8	1.099999E-8	1.200000E-8	
1439395422.366	20150812_180342		1.400000E-8	1.000000E+4	6.199987E-9	1.000000E-9	1.099999E-8	1.099999E-8	1.100000E-8	
1439395422.564	20150812_180342		1.400000E-8	1.000000E+4	6.199987E-9	1.000000E-9	1.099999E-8	1.099999E-8	1.100000E-8	
1439395422.841	20150812_180342		1.400000E-8	1.000000E+4	6.199987E-9	1.000000E-9	1.099999E-8	1.099999E-8	1.100000E-8	
1439395423.041	20150812_180343		1.400000E-8	1.000000E+4	6.199987E-9	1.000000E-9	1.099999E-8	1.099999E-8	1.100000E-8	
1439395423.241	20150812_180343		1.400000E-8	1.000000E+4	6.199987E-9	1.000000E-9	1.099999E-8	1.099999E-8	1.100000E-8	
1439395423.441	20150812_180343		1.400000E-8	1.000000E+4	6.299987E-9	1.000000E-9	9.999992E-9	1.099999E-8	1.200000E-8	
1439395423.641	20150812_180343		1.400000E-8	1.000000E+4	6.299987E-9	1.000000E-9	9.999992E-9	1.099999E-8	1.200000E-8	
1439395423.864	20150812_180343		1.400000E-8	1.000000E+4	6.299987E-9	1.000000E-9	9.999992E-9	1.099999E-8	1.200000E-8	
1439395424.141	20150812_180344		1.400000E-8	1.000000E+4	6.299987E-9	1.000000E-9	9.999992E-9	1.099999E-8	1.200000E-8	
1439395424.341	20150812_180344		1.400000E-8	1.000000E+4	6.299987E-9	1.000000E-9	9.999992E-9	1.099999E-8	1.200000E-8	
1439395424.541	20150812_180344		1.400000E-8	1.000000E+4	6.299987E-9	1.000000E-9	9.999992E-9	1.099999E-8	1.100000E-8	
1439395424.740	20150812_180344		1.400000E-8	1.000000E+4	6.299987E-9	1.000000E-9	9.999992E-9	1.099999E-8	1.100000E-8	
1439395424.941	20150812_180344		1.400000E-8	1.000000E+4	6.299987E-9	1.000000E-9	9.999992E-9	1.099999E-8	1.100000E-8	
1439395425.168	20150812_180345		1.400000E-8	1.000000E+4	6.299987E-9	1.000000E-9	9.999992E-9	1.099999E-8	1.100000E-8	
1439395425.443	20150812_180345		1.300000E-8	1.000000E+4	6.299987E-9	1.000000E-9	9.999992E-9	1.099999E-8	1.100000E-8	
1439395425.642	20150812_180345		1.300000E-8	1.000000E+4	6.299987E-9	1.000000E-9	9.999992E-9	1.099999E-8	1.100000E-8	
1439395425.843	20150812_180345		1.300000E-8	1.000000E+4	6.299987E-9	1.000000E-9	9.999992E-9	1.099999E-8	1.100000E-8	
1439395426.043	20150812_180346		1.300000E-8	1.000000E+4	6.299987E-9	1.000000E-9	9.999992E-9	1.099999E-8	1.100000E-8	
1439395426.243	20150812_180346		1.300000E-8	1.000000E+4	6.299987E-9	1.000000E-9	9.999992E-9	1.099999E-8	1.100000E-8	
1439395426.468	20150812_180346		1.300000E-8	1.000000E+4	6.199987E-9	1.000000E-9	9.999992E-9	1.099999E-8	1.100000E-8	
1439395426.743	20150812_180346		1.300000E-8	1.000000E+4	6.199987E-9	1.000000E-9	9.999992E-9	1.099999E-8	1.100000E-8	
1439395426.943	20150812_180346		1.300000E-8	1.000000E+4	6.199987E-9	1.000000E-9	9.999992E-9	1.099999E-8	1.100000E-8	
1439395427.142	20150812_180347		1.300000E-8	1.000000E+4	6.199987E-9	1.000000E-9	9.999992E-9	1.099999E-8	1.100000E-8	
1439395427.344	20150812_180347		1.300000E-8	1.000000E+4	6.299987E-9	1.000000E-9	9.999992E-9	1.099999E-8	1.100000E-8	
1439395427.543	20150812_180347		1.300000E-8	1.000000E+4	6.299987E-9	1.000000E-9	9.999992E-9	1.099999E-8	1.100000E-8	
1439395427.768	20150812_180347		1.300000E-8	1.000000E+4	6.299987E-9	1.000000E-9	9.999992E-9	1.099999E-8	1.100000E-8	
1439395427.969	20150812_180347		1.300000E-8	1.000000E+4	6.299987E-9	1.000000E-9	9.999992E-9	1.099999E-8	1.100000E-8	
1439395428.242	20150812_180348		1.300000E-8	1.000000E+4	6.299987E-9	1.000000E-9	9.999992E-9	1.099999E-8	1.100000E-8	
1439395428.443	20150812_180348		1.300000E-8	1.000000E+4	6.299987E-9	1.000000E-9	9.999992E-9	1.099999E-8	1.100000E-8	
1439395428.644	20150812_180348		1.300000E-8	1.000000E+4	6.299987E-9	1.000000E-9	9.999992E-9	1.099999E-8	1.100000E-8	
1439395428.843	20150812_180348		1.300000E-8	1.000000E+4	6.299987E-9	1.000000E-9	9.999992E-9	1.099999E-8	1.100000E-8	
1439395429.143	20150812_180349		1.300000E-8	1.000000E+4	6.299987E-9	1.000000E-9	9.999992E-9	1.099999E-8	1.100000E-8	
1439395429.343	20150812_180349		1.300000E-8	1.000000E+4	6.299987E-9	1.000000E-9	1.099999E-8	1.099999E-8	1.100000E-8	
1439395429.544	20150812_180349		1.300000E-8	1.000000E+4	6.299987E-9	1.000000E-9	1.099999E-8	1.099999E-8	1.100000E-8	
1439395429.743	20150812_180349		1.300000E-8	1.000000E+4	6.299987E-9	1.000000E-9	1.099999E-8	1.099999E-8	1.100000E-8	
1439395429.943	20150812_180349		1.300000E-8	1.000000E+4	6.299987E-9	1.000000E-9	1.099999E-8	1.099999E-8	1.100000E-8	
1439395430.170	20150812_180350		1.300000E-8	1.000000E+4	6.299987E-9	1.000000E-9	1.099999E-8	1.099999E-8	1.100000E-8	
1439395430.444	20150812_180350		1.300000E-8	1.000000E+4	6.399987E-9	1.000000E-9	1.099999E-8	1.099999E-8	1.100000E-8	
1439395430.645	20150812_180350		1.300000E-8	1.000000E+4	6.399987E-9	1.000000E-9	1.099999E-8	1.099999E-8	1.100000E-8	
1439395430.845	20150812_180350		1.300000E-8	1.000000E+4	6.399987E-9	1.000000E-9	1.099999E-8	1.099999E-8	1.100000E-8	
1439395431.047	20150812_180351		1.300000E-8	1.000000E+4	6.399987E-9	1.000000E-9	1.099999E-8	1.099999E-8	1.100000E-8	
1439395431.246	20150812_180351		1.300000E-8	1.000000E+4	6.399987E-9	1.000000E-9	1.099999E-8	1.099999E-8	1.100000E-8	
1439395431.470	20150812_180351		1.300000E-8	1.000000E+4	6.299987E-9	1.000000E-9	1.099999E-8	1.099999E-8	1.100000E-8	
1439395431.747	20150812_180351		1.300000E-8	1.000000E+4	6.299987E-9	1.000000E-9	1.099999E-8	1.099999E-8	1.100000E-8	
1439395431.947	20150812_180351		1.300000E-8	1.000000E+4	6.299987E-9	1.000000E-9	1.099999E-8	1.099999E-8	1.100000E-8	
1439395432.147	20150812_180352		1.300000E-8	1.000000E+4	6.299987E-9	1.000000E-9	1.099999E-8	1.099999E-8	1.100000E-8	
1439395432.346	20150812_180352		1.400000E-8	1.000000E+4	6.199987E-9	1.000000E-9	1.099999E-8	1.099999E-8	1.100000E-8	
1439395432.547	20150812_180352		1.400000E-8	1.000000E+4	6.199987E-9	1.000000E-9	1.099999E-8	1.099999E-8	1.100000E-8	
1439395432.774	20150812_180352		1.400000E-8	1.000000E+4	6.199987E-9	1.000000E-9	1.099999E-8	1.099999E-8	1.100000E-8	
1439395433.049	20150812_180353		1.400000E-8	1.000000E+4	6.199987E-9	1.000000E-9	1.099999E-8	1.099999E-8	1.100000E-8	
1439395433.248	20150812_180353		1.400000E-8	1.000000E+4	6.199987E-9	1.000000E-9	1.099999E-8	1.099999E-8	1.100000E-8	
1439395433.448	20150812_180353		1.400000E-8	1.000000E+4	6.299987E-9	1.000000E-9	1.099999E-8	1.099999E-8	1.100000E-8	
1439395433.649	20150812_180353		1.400000E-8	1.000000E+4	6.299987E-9	1.000000E-9	1.099999E-8	1.099999E-8	1.100000E-8	
1439395433.848	20150812_180353		1.400000E-8	1.000000E+4	6.299987E-9	1.000000E-9	1.099999E-8	1.099999E-8	1.100000E-8	
1439395434.075	20150812_180354		1.400000E-8	1.000000E+4	6.299987E-9	1.000000E-9	1.099999E-8	1.099999E-8	1.100000E-8	
1439395434.348	20150812_180354		1.400000E-8	1.000000E+4	6.299987E-9	1.000000E-9	1.099999E-8	1.099999E-8	1.100000E-8	
1439395434.548	20150812_180354		1.400000E-8	1.000000E+4	6.299987E-9	1.000000E-9	1.099999E-8	1.099999E-8	1.100000E-8	
1439395434.748	20150812_180354		1.400000E-8	1.000000E+4	6.299987E-9	1.000000E-9	1.099999E-8	1.099999E-8	1.100000E-8	
1439395434.948	20150812_180354		1.400000E-8	1.000000E+4	6.299987E-9	1.000000E-9	1.099999E-8	1.099999E-8	1.100000E-8	
1439395435.148	20150812_180355		1.400000E-8	1.000000E+4	6.299987E-9	1.000000E-9	1.099999E-8	1.099999E-8	1.100000E-8	
1439395435.374	20150812_180355		1.400000E-8	1.000000E+4	6.299987E-9	1.000000E-9	1.099999E-8	1.099999E-8	1.200000E-8	
1439395435.648	20150812_180355		1.400000E-8	1.000000E+4	6.299987E-9	1.000000E-9	1.099999E-8	1.099999E-8	1.200000E-8	
1439395435.848	20150812_180355		1.400000E-8	1.000000E+4	6.299987E-9	1.000000E-9	1.099999E-8	1.099999E-8	1.200000E-8	
1439395436.048	20150812_180356		1.400000E-8	1.000000E+4	6.299987E-9	1.000000E-9	1.099999E-8	1.099999E-8	1.200000E-8	
1439395436.248	20150812_180356		1.400000E-8	1.000000E+4	6.299987E-9	1.000000E-9	1.099999E-8	1.099999E-8	1.200000E-8	
1439395436.448	20150812_180356		1.400000E-8	1.000000E+4	6.399987E-9	1.000000E-9	1.099999E-8	1.099999E-8	1.200000E-8	
1439395436.670	20150812_180356		1.400000E-8	1.000000E+4	6.399987E-9	1.000000E-9	1.099999E-8	1.099999E-8	1.200000E-8	
1439395436.873	20150812_180356		1.400000E-8	1.000000E+4	6.399987E-9	1.000000E-9	1.099999E-8	1.099999E-8	1.200000E-8	
1439395437.148	20150812_180357		1.400000E-8	1.000000E+4	6.399987E-9	1.000000E-9	1.099999E-8	1.099999E-8	1.200000E-8	
1439395437.348	20150812_180357		1.400000E-8	1.000000E+4	6.199987E-9	1.000000E-9	1.099999E-8	1.099999E-8	1.200000E-8	
1439395437.548	20150812_180357		1.400000E-8	1.000000E+4	6.199987E-9	1.000000E-9	1.099999E-8	1.099999E-8	1.200000E-8	
1439395437.748	20150812_180357		1.400000E-8	1.000000E+4	6.199987E-9	1.000000E-9	1.099999E-8	1.099999E-8	1.200000E-8	
1439395437.948	20150812_180357		1.400000E-8	1.000000E+4	6.199987E-9	1.000000E-9	1.099999E-8	1.099999E-8	1.200000E-8	
1439395438.174	20150812_180358		1.400000E-8	1.000000E+4	6.199987E-9	1.000000E-9	1.099999E-8	1.099999E-8	1.200000E-8	
1439395438.448	20150812_180358		1.400000E-8	1.000000E+4	6.299987E-9	1.000000E-9	1.199999E-8	1.099999E-8	1.200000E-8	
1439395438.647	20150812_180358		1.400000E-8	1.000000E+4	6.299987E-9	1.000000E-9	1.199999E-8	1.099999E-8	1.200000E-8	
1439395438.848	20150812_180358		1.400000E-8	1.000000E+4	6.299987E-9	1.000000E-9	1.199999E-8	1.099999E-8	1.200000E-8	
1439395439.174	20150812_180359		1.400000E-8	1.000000E+4	6.299987E-9	1.000000E-9	1.199999E-8	1.099999E-8	1.200000E-8	
1439395439.350	20150812_180359		1.400000E-8	1.000000E+4	6.299987E-9	1.000000E-9	1.099999E-8	1.099999E-8	1.200000E-8	
1439395439.550	20150812_180359		1.400000E-8	1.000000E+4	6.299987E-9	1.000000E-9	1.099999E-8	1.099999E-8	1.200000E-8	
1439395439.751	20150812_180359		1.400000E-8	1.000000E+4	6.299987E-9	1.000000E-9	1.099999E-8	1.099999E-8	1.200000E-8	
1439395439.951	20150812_180359		1.400000E-8	1.000000E+4	6.299987E-9	1.000000E-9	1.099999E-8	1.099999E-8	1.200000E-8	
1439395440.172	20150812_180400		1.400000E-8	1.000000E+4	6.299987E-9	1.000000E-9	1.099999E-8	1.099999E-8	1.200000E-8	
1439395440.377	20150812_180400		1.300000E-8	1.000000E+4	6.299987E-9	1.000000E-9	1.099999E-8	1.099999E-8	1.100000E-8	
1439395440.651	20150812_180400		1.300000E-8	1.000000E+4	6.299987E-9	1.000000E-9	1.099999E-8	1.099999E-8	1.100000E-8	
1439395440.851	20150812_180400		1.300000E-8	1.000000E+4	6.299987E-9	1.000000E-9	1.099999E-8	1.099999E-8	1.100000E-8	
1439395441.052	20150812_180401		1.300000E-8	1.000000E+4	6.299987E-9	1.000000E-9	1.099999E-8	1.099999E-8	1.100000E-8	
1439395441.251	20150812_180401		1.300000E-8	1.000000E+4	6.299987E-9	1.000000E-9	1.099999E-8	1.099999E-8	1.100000E-8	
1439395441.451	20150812_180401		1.300000E-8	1.000000E+4	6.199987E-9	1.000000E-9	9.999992E-9	1.099999E-8	1.100000E-8	
1439395441.675	20150812_180401		1.300000E-8	1.000000E+4	6.199987E-9	1.000000E-9	9.999992E-9	1.099999E-8	1.100000E-8	
1439395441.877	20150812_180401		1.300000E-8	1.000000E+4	6.199987E-9	1.000000E-9	9.999992E-9	1.099999E-8	1.100000E-8	
1439395442.152	20150812_180402		1.300000E-8	1.000000E+4	6.199987E-9	1.000000E-9	9.999992E-9	1.099999E-8	1.100000E-8	
1439395442.351	20150812_180402		1.400000E-8	1.000000E+4	6.299987E-9	1.000000E-9	9.999992E-9	1.099999E-8	1.200000E-8	
1439395442.551	20150812_180402		1.400000E-8	1.000000E+4	6.299987E-9	1.000000E-9	9.999992E-9	1.099999E-8	1.200000E-8	
1439395442.752	20150812_180402		1.400000E-8	1.000000E+4	6.299987E-9	1.000000E-9	9.999992E-9	1.099999E-8	1.200000E-8	
1439395442.952	20150812_180402		1.400000E-8	1.000000E+4	6.299987E-9	1.000000E-9	9.999992E-9	1.099999E-8	1.200000E-8	
1439395443.178	20150812_180403		1.400000E-8	1.000000E+4	6.299987E-9	1.000000E-9	9.999992E-9	1.099999E-8	1.200000E-8	
1439395443.451	20150812_180403		1.400000E-8	1.000000E+4	6.299987E-9	1.000000E-9	9.999992E-9	1.099999E-8	1.200000E-8	
1439395443.652	20150812_180403		1.400000E-8	1.000000E+4	6.299987E-9	1.000000E-9	9.999992E-9	1.099999E-8	1.200000E-8	
1439395443.851	20150812_180403		1.400000E-8	1.000000E+4	6.299987E-9	1.000000E-9	9.999992E-9	1.099999E-8	1.200000E-8	
1439395444.051	20150812_180404		1.400000E-8	1.000000E+4	6.299987E-9	1.000000E-9	9.999992E-9	1.099999E-8	1.200000E-8	
1439395444.252	20150812_180404		1.400000E-8	1.000000E+4	6.299987E-9	1.000000E-9	9.999992E-9	1.099999E-8	1.200000E-8	
1439395444.477	20150812_180404		1.400000E-8	1.000000E+4	6.199987E-9	1.000000E-9	9.999992E-9	1.099999E-8	1.200000E-8	
1439395444.751	20150812_180404		1.400000E-8	1.000000E+4	6.199987E-9	1.000000E-9	9.999992E-9	1.099999E-8	1.200000E-8	
1439395444.952	20150812_180404		1.400000E-8	1.000000E+4	6.199987E-9	1.000000E-9	9.999992E-9	1.099999E-8	1.200000E-8	
1439395445.151	20150812_180405		1.400000E-8	1.000000E+4	6.199987E-9	1.000000E-9	9.999992E-9	1.099999E-8	1.200000E-8	
1439395445.351	20150812_180405		1.400000E-8	1.000000E+4	6.299987E-9	1.000000E-9	9.999992E-9	1.099999E-8	1.200000E-8	
1439395445.552	20150812_180405		1.400000E-8	1.000000E+4	6.299987E-9	1.000000E-9	9.999992E-9	1.099999E-8	1.200000E-8	
1439395445.777	20150812_180405		1.400000E-8	1.000000E+4	6.299987E-9	1.000000E-9	9.999992E-9	1.099999E-8	1.200000E-8	
1439395446.052	20150812_180406		1.400000E-8	1.000000E+4	6.299987E-9	1.000000E-9	9.999992E-9	1.099999E-8	1.200000E-8	
1439395446.252	20150812_180406		1.400000E-8	1.000000E+4	6.299987E-9	1.000000E-9	9.999992E-9	1.099999E-8	1.200000E-8	
1439395446.452	20150812_180406		1.400000E-8	1.000000E+4	6.299987E-9	1.000000E-9	9.999992E-9	1.099999E-8	1.200000E-8	
1439395446.653	20150812_180406		1.400000E-8	1.000000E+4	6.299987E-9	1.000000E-9	9.999992E-9	1.099999E-8	1.200000E-8	
1439395446.852	20150812_180406		1.400000E-8	1.000000E+4	6.299987E-9	1.000000E-9	9.999992E-9	1.099999E-8	1.200000E-8	
1439395447.079	20150812_180407		1.400000E-8	1.000000E+4	6.299987E-9	1.000000E-9	9.999992E-9	1.099999E-8	1.200000E-8	
1439395447.352	20150812_180407		1.400000E-8	1.000000E+4	6.299987E-9	1.000000E-9	1.099999E-8	1.099999E-8	1.100000E-8	
1439395447.552	20150812_180407		1.400000E-8	1.000000E+4	6.299987E-9	1.000000E-9	1.099999E-8	1.099999E-8	1.100000E-8	
1439395447.753	20150812_180407		1.400000E-8	1.000000E+4	6.299987E-9	1.000000E-9	1.099999E-8	1.099999E-8	1.100000E-8	
1439395447.953	20150812_180407		1.400000E-8	1.000000E+4	6.299987E-9	1.000000E-9	1.099999E-8	1.099999E-8	1.100000E-8	
1439395448.152	20150812_180408		1.400000E-8	1.000000E+4	6.299987E-9	1.000000E-9	1.099999E-8	1.099999E-8	1.100000E-8	
1439395448.378	20150812_180408		1.400000E-8	1.000000E+4	6.399987E-9	1.000000E-9	1.199999E-8	1.099999E-8	1.200000E-8	
1439395448.652	20150812_180408		1.400000E-8	1.000000E+4	6.399987E-9	1.000000E-9	1.199999E-8	1.099999E-8	1.200000E-8	
1439395448.852	20150812_180408		1.400000E-8	1.000000E+4	6.399987E-9	1.000000E-9	1.199999E-8	1.099999E-8	1.200000E-8	
1439395449.179	20150812_180409		1.400000E-8	1.000000E+4	6.399987E-9	1.000000E-9	1.199999E-8	1.099999E-8	1.200000E-8	
1439395449.454	20150812_180409		1.400000E-8	1.000000E+4	6.399987E-9	1.000000E-9	1.199999E-8	1.099999E-8	1.200000E-8	
1439395449.678	20150812_180409		1.400000E-8	1.000000E+4	6.399987E-9	1.000000E-9	1.199999E-8	1.099999E-8	1.200000E-8	
1439395449.952	20150812_180409		1.400000E-8	1.000000E+4	6.399987E-9	1.000000E-9	1.199999E-8	1.099999E-8	1.200000E-8	
1439395450.179	20150812_180410		1.400000E-8	1.000000E+4	6.399987E-9	1.000000E-9	1.199999E-8	1.099999E-8	1.200000E-8	
1439395450.477	20150812_180410		1.400000E-8	1.000000E+4	6.299987E-9	1.000000E-9	1.199999E-8	1.099999E-8	1.200000E-8	
1439395450.680	20150812_180410		1.400000E-8	1.000000E+4	6.299987E-9	1.000000E-9	1.199999E-8	1.099999E-8	1.200000E-8	
1439395450.977	20150812_180410		1.400000E-8	1.000000E+4	6.299987E-9	1.000000E-9	1.199999E-8	1.099999E-8	1.200000E-8	
1439395451.180	20150812_180411		1.400000E-8	1.000000E+4	6.299987E-9	1.000000E-9	1.199999E-8	1.099999E-8	1.200000E-8	
1439395451.482	20150812_180411		1.400000E-8	1.000000E+4	6.399987E-9	1.000000E-9	1.099999E-8	1.099999E-8	1.200000E-8	
1439395451.754	20150812_180411		1.400000E-8	1.000000E+4	6.399987E-9	1.000000E-9	1.099999E-8	1.099999E-8	1.200000E-8	
1439395451.981	20150812_180411		1.400000E-8	1.000000E+4	6.399987E-9	1.000000E-9	1.099999E-8	1.099999E-8	1.200000E-8	
1439395452.181	20150812_180412		1.400000E-8	1.000000E+4	6.399987E-9	1.000000E-9	1.099999E-8	1.099999E-8	1.200000E-8	
1439395452.479	20150812_180412		1.400000E-8	1.000000E+4	6.499987E-9	1.000000E-9	1.099999E-8	1.099999E-8	1.200000E-8	
1439395452.655	20150812_180412		1.400000E-8	1.000000E+4	6.499987E-9	1.000000E-9	1.099999E-8	1.099999E-8	1.200000E-8	
1439395452.855	20150812_180412		1.400000E-8	1.000000E+4	6.499987E-9	1.000000E-9	1.099999E-8	1.099999E-8	1.200000E-8	
1439395453.056	20150812_180413		1.400000E-8	1.000000E+4	6.499987E-9	1.000000E-9	1.099999E-8	1.099999E-8	1.200000E-8	
1439395453.254	20150812_180413		1.400000E-8	1.000000E+4	6.499987E-9	1.000000E-9	1.099999E-8	1.099999E-8	1.200000E-8	
1439395453.481	20150812_180413		1.400000E-8	1.000000E+4	6.299987E-9	1.000000E-9	1.199999E-8	1.099999E-8	1.200000E-8	
1439395453.756	20150812_180413		1.400000E-8	1.000000E+4	6.299987E-9	1.000000E-9	1.199999E-8	1.099999E-8	1.200000E-8	
1439395453.957	20150812_180413		1.400000E-8	1.000000E+4	6.299987E-9	1.000000E-9	1.199999E-8	1.099999E-8	1.200000E-8	
1439395454.156	20150812_180414		1.400000E-8	1.000000E+4	6.299987E-9	1.000000E-9	1.199999E-8	1.099999E-8	1.200000E-8	
1439395454.357	20150812_180414		1.400000E-8	1.000000E+4	6.399987E-9	1.000000E-9	1.199999E-8	1.099999E-8	1.200000E-8	
1439395454.557	20150812_180414		1.400000E-8	1.000000E+4	6.399987E-9	1.000000E-9	1.199999E-8	1.099999E-8	1.200000E-8	
1439395454.797	20150812_180414		1.400000E-8	1.000000E+4	6.399987E-9	1.000000E-9	1.199999E-8	1.099999E-8	1.200000E-8	
1439395455.057	20150812_180415		1.400000E-8	1.000000E+4	6.399987E-9	1.000000E-9	1.199999E-8	1.099999E-8	1.200000E-8	
1439395455.256	20150812_180415		1.400000E-8	1.000000E+4	6.399987E-9	1.000000E-9	1.199999E-8	1.099999E-8	1.200000E-8	
1439395455.456	20150812_180415		1.400000E-8	1.000000E+4	6.499987E-9	1.000000E-9	1.199999E-8	1.099999E-8	1.200000E-8	
1439395455.656	20150812_180415		1.400000E-8	1.000000E+4	6.499987E-9	1.000000E-9	1.199999E-8	1.099999E-8	1.200000E-8	
1439395455.856	20150812_180415		1.400000E-8	1.000000E+4	6.499987E-9	1.000000E-9	1.199999E-8	1.099999E-8	1.200000E-8	
1439395456.083	20150812_180416		1.400000E-8	1.000000E+4	6.499987E-9	1.000000E-9	1.199999E-8	1.099999E-8	1.200000E-8	
1439395456.358	20150812_180416		1.400000E-8	1.000000E+4	6.399987E-9	1.000000E-9	1.199999E-8	1.099999E-8	1.200000E-8	
1439395456.559	20150812_180416		1.400000E-8	1.000000E+4	6.399987E-9	1.000000E-9	1.199999E-8	1.099999E-8	1.200000E-8	
1439395456.759	20150812_180416		1.400000E-8	1.000000E+4	6.399987E-9	1.000000E-9	1.199999E-8	1.099999E-8	1.200000E-8	
1439395456.957	20150812_180416		1.400000E-8	1.000000E+4	6.399987E-9	1.000000E-9	1.199999E-8	1.099999E-8	1.200000E-8	
1439395457.158	20150812_180417		1.400000E-8	1.000000E+4	6.399987E-9	1.000000E-9	1.199999E-8	1.099999E-8	1.200000E-8	
1439395457.381	20150812_180417		1.400000E-8	1.000000E+4	6.399987E-9	1.000000E-9	1.199999E-8	1.099999E-8	1.200000E-8	
1439395457.658	20150812_180417		1.400000E-8	1.000000E+4	6.399987E-9	1.000000E-9	1.199999E-8	1.099999E-8	1.200000E-8	
1439395457.859	20150812_180417		1.400000E-8	1.000000E+4	6.399987E-9	1.000000E-9	1.199999E-8	1.099999E-8	1.200000E-8	
1439395458.059	20150812_180418		1.400000E-8	1.000000E+4	6.399987E-9	1.000000E-9	1.199999E-8	1.099999E-8	1.200000E-8	
1439395458.259	20150812_180418		1.400000E-8	1.000000E+4	6.399987E-9	1.000000E-9	1.199999E-8	1.099999E-8	1.200000E-8	
1439395458.460	20150812_180418		1.400000E-8	1.000000E+4	6.299987E-9	1.000000E-9	1.099999E-8	1.099999E-8	1.200000E-8	
1439395458.685	20150812_180418		1.400000E-8	1.000000E+4	6.299987E-9	1.000000E-9	1.099999E-8	1.099999E-8	1.200000E-8	
1439395458.961	20150812_180418		1.400000E-8	1.000000E+4	6.299987E-9	1.000000E-9	1.099999E-8	1.099999E-8	1.200000E-8	
1439395459.284	20150812_180419		1.400000E-8	1.000000E+4	6.299987E-9	1.000000E-9	1.099999E-8	1.099999E-8	1.200000E-8	
1439395459.483	20150812_180419		1.400000E-8	1.000000E+4	6.199987E-9	1.000000E-9	9.999992E-9	1.099999E-8	1.200000E-8	
1439395459.687	20150812_180419		1.400000E-8	1.000000E+4	6.199987E-9	1.000000E-9	9.999992E-9	1.099999E-8	1.200000E-8	
1439395459.863	20150812_180419		1.400000E-8	1.000000E+4	6.199987E-9	1.000000E-9	9.999992E-9	1.099999E-8	1.200000E-8	
1439395460.064	20150812_180420		1.400000E-8	1.000000E+4	6.199987E-9	1.000000E-9	9.999992E-9	1.099999E-8	1.200000E-8	
1439395460.287	20150812_180420		1.400000E-8	1.000000E+4	6.199987E-9	1.000000E-9	9.999992E-9	1.099999E-8	1.200000E-8	
1439395460.491	20150812_180420		1.400000E-8	1.000000E+4	6.399987E-9	1.000000E-9	9.999992E-9	1.099999E-8	1.200000E-8	
1439395460.764	20150812_180420		1.400000E-8	1.000000E+4	6.399987E-9	1.000000E-9	9.999992E-9	1.099999E-8	1.200000E-8	
1439395460.965	20150812_180420		1.400000E-8	1.000000E+4	6.399987E-9	1.000000E-9	9.999992E-9	1.099999E-8	1.200000E-8	
1439395461.165	20150812_180421		1.400000E-8	1.000000E+4	6.399987E-9	1.000000E-9	9.999992E-9	1.099999E-8	1.200000E-8	
1439395461.365	20150812_180421		1.400000E-8	1.000000E+4	6.399987E-9	1.000000E-9	9.999992E-9	1.099999E-8	1.200000E-8	
1439395461.567	20150812_180421		1.400000E-8	1.000000E+4	6.399987E-9	1.000000E-9	9.999992E-9	1.099999E-8	1.200000E-8	
1439395461.789	20150812_180421		1.400000E-8	1.000000E+4	6.399987E-9	1.000000E-9	9.999992E-9	1.099999E-8	1.200000E-8	
1439395461.990	20150812_180421		1.400000E-8	1.000000E+4	6.399987E-9	1.000000E-9	9.999992E-9	1.099999E-8	1.200000E-8	
1439395462.192	20150812_180422		1.400000E-8	1.000000E+4	6.399987E-9	1.000000E-9	9.999992E-9	1.099999E-8	1.200000E-8	
1439395462.466	20150812_180422		1.400000E-8	1.000000E+4	6.299987E-9	1.000000E-9	9.999992E-9	1.099999E-8	1.200000E-8	
1439395462.666	20150812_180422		1.400000E-8	1.000000E+4	6.299987E-9	1.000000E-9	9.999992E-9	1.099999E-8	1.200000E-8	
1439395462.866	20150812_180422		1.400000E-8	1.000000E+4	6.299987E-9	1.000000E-9	9.999992E-9	1.099999E-8	1.200000E-8	
1439395463.068	20150812_180423		1.400000E-8	1.000000E+4	6.299987E-9	1.000000E-9	9.999992E-9	1.099999E-8	1.200000E-8	
1439395463.267	20150812_180423		1.400000E-8	1.000000E+4	6.299987E-9	1.000000E-9	9.999992E-9	1.099999E-8	1.200000E-8	
1439395463.491	20150812_180423		1.400000E-8	1.000000E+4	6.399987E-9	1.000000E-9	9.999992E-9	1.099999E-8	1.200000E-8	
1439395463.768	20150812_180423		1.400000E-8	1.000000E+4	6.399987E-9	1.000000E-9	9.999992E-9	1.099999E-8	1.200000E-8	
1439395463.968	20150812_180423		1.400000E-8	1.000000E+4	6.399987E-9	1.000000E-9	9.999992E-9	1.099999E-8	1.200000E-8	
1439395464.168	20150812_180424		1.400000E-8	1.000000E+4	6.399987E-9	1.000000E-9	9.999992E-9	1.099999E-8	1.200000E-8	
1439395464.368	20150812_180424		1.400000E-8	1.000000E+4	6.299987E-9	1.000000E-9	1.099999E-8	1.099999E-8	1.200000E-8	
1439395464.568	20150812_180424		1.400000E-8	1.000000E+4	6.299987E-9	1.000000E-9	1.099999E-8	1.099999E-8	1.200000E-8	
1439395464.793	20150812_180424		1.400000E-8	1.000000E+4	6.299987E-9	1.000000E-9	1.099999E-8	1.099999E-8	1.200000E-8	
1439395464.991	20150812_180424		1.400000E-8	1.000000E+4	6.299987E-9	1.000000E-9	1.099999E-8	1.099999E-8	1.200000E-8	
1439395465.195	20150812_180425		1.400000E-8	1.000000E+4	6.299987E-9	1.000000E-9	1.099999E-8	1.099999E-8	1.200000E-8	
1439395465.468	20150812_180425		1.400000E-8	1.000000E+4	6.299987E-9	1.000000E-9	1.099999E-8	1.099999E-8	1.100000E-8	
1439395465.667	20150812_180425		1.400000E-8	1.000000E+4	6.299987E-9	1.000000E-9	1.099999E-8	1.099999E-8	1.100000E-8	
1439395465.868	20150812_180425		1.400000E-8	1.000000E+4	6.299987E-9	1.000000E-9	1.099999E-8	1.099999E-8	1.100000E-8	
1439395466.068	20150812_180426		1.400000E-8	1.000000E+4	6.299987E-9	1.000000E-9	1.099999E-8	1.099999E-8	1.100000E-8	
1439395466.268	20150812_180426		1.400000E-8	1.000000E+4	6.299987E-9	1.000000E-9	1.099999E-8	1.099999E-8	1.100000E-8	
1439395466.494	20150812_180426		1.400000E-8	1.000000E+4	6.399987E-9	1.000000E-9	1.199999E-8	1.099999E-8	1.100000E-8	
1439395466.767	20150812_180426		1.400000E-8	1.000000E+4	6.399987E-9	1.000000E-9	1.199999E-8	1.099999E-8	1.100000E-8	
1439395466.969	20150812_180426		1.400000E-8	1.000000E+4	6.399987E-9	1.000000E-9	1.199999E-8	1.099999E-8	1.100000E-8	
1439395467.167	20150812_180427		1.400000E-8	1.000000E+4	6.399987E-9	1.000000E-9	1.199999E-8	1.099999E-8	1.100000E-8	
1439395467.367	20150812_180427		1.400000E-8	1.000000E+4	6.299987E-9	1.000000E-9	1.199999E-8	1.099999E-8	1.200000E-8	
1439395467.567	20150812_180427		1.400000E-8	1.000000E+4	6.299987E-9	1.000000E-9	1.199999E-8	1.099999E-8	1.200000E-8	
1439395467.795	20150812_180427		1.400000E-8	1.000000E+4	6.299987E-9	1.000000E-9	1.199999E-8	1.099999E-8	1.200000E-8	
1439395468.070	20150812_180428		1.400000E-8	1.000000E+4	6.299987E-9	1.000000E-9	1.199999E-8	1.099999E-8	1.200000E-8	
1439395468.269	20150812_180428		1.400000E-8	1.000000E+4	6.299987E-9	1.000000E-9	1.199999E-8	1.099999E-8	1.200000E-8	
1439395468.469	20150812_180428		1.400000E-8	1.000000E+4	6.299987E-9	1.000000E-9	1.199999E-8	1.099999E-8	1.200000E-8	
1439395468.670	20150812_180428		1.400000E-8	1.000000E+4	6.299987E-9	1.000000E-9	1.199999E-8	1.099999E-8	1.200000E-8	
1439395468.869	20150812_180428		1.400000E-8	1.000000E+4	6.299987E-9	1.000000E-9	1.199999E-8	1.099999E-8	1.200000E-8	
1439395469.093	20150812_180429		1.400000E-8	1.000000E+4	6.299987E-9	1.000000E-9	1.199999E-8	1.099999E-8	1.200000E-8	
1439395469.370	20150812_180429		1.400000E-8	1.000000E+4	6.399987E-9	1.000000E-9	1.099999E-8	1.099999E-8	1.200000E-8	
1439395469.571	20150812_180429		1.400000E-8	1.000000E+4	6.399987E-9	1.000000E-9	1.099999E-8	1.099999E-8	1.200000E-8	
1439395469.771	20150812_180429		1.400000E-8	1.000000E+4	6.399987E-9	1.000000E-9	1.099999E-8	1.099999E-8	1.200000E-8	
1439395469.972	20150812_180429		1.400000E-8	1.000000E+4	6.399987E-9	1.000000E-9	1.099999E-8	1.099999E-8	1.200000E-8	
1439395470.172	20150812_180430		1.400000E-8	1.000000E+4	6.399987E-9	1.000000E-9	1.099999E-8	1.099999E-8	1.200000E-8	
1439395470.395	20150812_180430		1.400000E-8	1.000000E+4	6.299987E-9	1.000000E-9	1.099999E-8	1.099999E-8	1.100000E-8	
1439395470.595	20150812_180430		1.400000E-8	1.000000E+4	6.299987E-9	1.000000E-9	1.099999E-8	1.099999E-8	1.100000E-8	
1439395470.871	20150812_180430		1.400000E-8	1.000000E+4	6.299987E-9	1.000000E-9	1.099999E-8	1.099999E-8	1.100000E-8	
1439395471.072	20150812_180431		1.400000E-8	1.000000E+4	6.299987E-9	1.000000E-9	1.099999E-8	1.099999E-8	1.100000E-8	
1439395471.271	20150812_180431		1.400000E-8	1.000000E+4	6.299987E-9	1.000000E-9	1.099999E-8	1.099999E-8	1.100000E-8	
1439395471.472	20150812_180431		1.300000E-8	1.000000E+4	6.299987E-9	1.000000E-9	1.099999E-8	1.099999E-8	1.200000E-8	
1439395471.672	20150812_180431		1.300000E-8	1.000000E+4	6.299987E-9	1.000000E-9	1.099999E-8	1.099999E-8	1.200000E-8	
1439395471.895	20150812_180431		1.300000E-8	1.000000E+4	6.299987E-9	1.000000E-9	1.099999E-8	1.099999E-8	1.200000E-8	
1439395472.096	20150812_180432		1.300000E-8	1.000000E+4	6.299987E-9	1.000000E-9	1.099999E-8	1.099999E-8	1.200000E-8	
1439395472.374	20150812_180432		1.300000E-8	1.000000E+4	6.299987E-9	1.000000E-9	1.199999E-8	1.099999E-8	1.100000E-8	
1439395472.573	20150812_180432		1.300000E-8	1.000000E+4	6.299987E-9	1.000000E-9	1.199999E-8	1.099999E-8	1.100000E-8	
1439395472.774	20150812_180432		1.300000E-8	1.000000E+4	6.299987E-9	1.000000E-9	1.199999E-8	1.099999E-8	1.100000E-8	
1439395472.975	20150812_180432		1.300000E-8	1.000000E+4	6.299987E-9	1.000000E-9	1.199999E-8	1.099999E-8	1.100000E-8	
1439395473.174	20150812_180433		1.300000E-8	1.000000E+4	6.299987E-9	1.000000E-9	1.199999E-8	1.099999E-8	1.100000E-8	
1439395473.400	20150812_180433		1.300000E-8	1.000000E+4	6.299987E-9	1.000000E-9	1.199999E-8	1.099999E-8	1.100000E-8	
1439395473.675	20150812_180433		1.300000E-8	1.000000E+4	6.299987E-9	1.000000E-9	1.199999E-8	1.099999E-8	1.100000E-8	
1439395473.874	20150812_180433		1.300000E-8	1.000000E+4	6.299987E-9	1.000000E-9	1.199999E-8	1.099999E-8	1.100000E-8	
1439395474.075	20150812_180434		1.300000E-8	1.000000E+4	6.299987E-9	1.000000E-9	1.199999E-8	1.099999E-8	1.100000E-8	
1439395474.275	20150812_180434		1.300000E-8	1.000000E+4	6.299987E-9	1.000000E-9	1.199999E-8	1.099999E-8	1.100000E-8	
1439395474.474	20150812_180434		1.300000E-8	1.000000E+4	6.299987E-9	1.000000E-9	1.199999E-8	1.099999E-8	1.100000E-8	
1439395474.701	20150812_180434		1.300000E-8	1.000000E+4	6.299987E-9	1.000000E-9	1.199999E-8	1.099999E-8	1.100000E-8	
1439395474.974	20150812_180434		1.300000E-8	1.000000E+4	6.299987E-9	1.000000E-9	1.199999E-8	1.099999E-8	1.100000E-8	
1439395475.176	20150812_180435		1.300000E-8	1.000000E+4	6.299987E-9	1.000000E-9	1.199999E-8	1.099999E-8	1.100000E-8	
1439395475.377	20150812_180435		1.300000E-8	1.000000E+4	6.299987E-9	1.000000E-9	1.099999E-8	1.099999E-8	1.100000E-8	
1439395475.576	20150812_180435		1.300000E-8	1.000000E+4	6.299987E-9	1.000000E-9	1.099999E-8	1.099999E-8	1.100000E-8	
1439395475.777	20150812_180435		1.300000E-8	1.000000E+4	6.299987E-9	1.000000E-9	1.099999E-8	1.099999E-8	1.100000E-8	
1439395475.999	20150812_180435		1.300000E-8	1.000000E+4	6.299987E-9	1.000000E-9	1.099999E-8	1.099999E-8	1.100000E-8	
1439395476.202	20150812_180436		1.300000E-8	1.000000E+4	6.299987E-9	1.000000E-9	1.099999E-8	1.099999E-8	1.100000E-8	
1439395476.477	20150812_180436		1.300000E-8	1.000000E+4	6.199987E-9	1.000000E-9	1.099999E-8	1.099999E-8	1.100000E-8	
1439395476.677	20150812_180436		1.300000E-8	1.000000E+4	6.199987E-9	1.000000E-9	1.099999E-8	1.099999E-8	1.100000E-8	
1439395476.877	20150812_180436		1.300000E-8	1.000000E+4	6.199987E-9	1.000000E-9	1.099999E-8	1.099999E-8	1.100000E-8	
1439395477.079	20150812_180437		1.300000E-8	1.000000E+4	6.199987E-9	1.000000E-9	1.099999E-8	1.099999E-8	1.100000E-8	
1439395477.279	20150812_180437		1.300000E-8	1.000000E+4	6.199987E-9	1.000000E-9	1.099999E-8	1.099999E-8	1.100000E-8	
1439395477.502	20150812_180437		1.300000E-8	1.000000E+4	6.299987E-9	1.000000E-9	9.999992E-9	1.099999E-8	1.100000E-8	
1439395477.703	20150812_180437		1.300000E-8	1.000000E+4	6.299987E-9	1.000000E-9	9.999992E-9	1.099999E-8	1.100000E-8	
1439395477.901	20150812_180437		1.300000E-8	1.000000E+4	6.299987E-9	1.000000E-9	9.999992E-9	1.099999E-8	1.100000E-8	
1439395478.103	20150812_180438		1.300000E-8	1.000000E+4	6.299987E-9	1.000000E-9	9.999992E-9	1.099999E-8	1.100000E-8	
1439395478.380	20150812_180438		1.300000E-8	1.000000E+4	6.099987E-9	1.000000E-9	9.999992E-9	1.099999E-8	1.100000E-8	
1439395478.580	20150812_180438		1.300000E-8	1.000000E+4	6.099987E-9	1.000000E-9	9.999992E-9	1.099999E-8	1.100000E-8	
1439395478.780	20150812_180438		1.300000E-8	1.000000E+4	6.099987E-9	1.000000E-9	9.999992E-9	1.099999E-8	1.100000E-8	
1439395478.981	20150812_180438		1.300000E-8	1.000000E+4	6.099987E-9	1.000000E-9	9.999992E-9	1.099999E-8	1.100000E-8	
1439395479.180	20150812_180439		1.300000E-8	1.000000E+4	6.099987E-9	1.000000E-9	9.999992E-9	1.099999E-8	1.100000E-8	
1439395479.482	20150812_180439		1.300000E-8	1.000000E+4	6.199987E-9	1.000000E-9	9.999992E-9	1.099999E-8	1.100000E-8	
1439395479.681	20150812_180439		1.300000E-8	1.000000E+4	6.199987E-9	1.000000E-9	9.999992E-9	1.099999E-8	1.100000E-8	
1439395479.880	20150812_180439		1.300000E-8	1.000000E+4	6.199987E-9	1.000000E-9	9.999992E-9	1.099999E-8	1.100000E-8	
1439395480.080	20150812_180440		1.300000E-8	1.000000E+4	6.199987E-9	1.000000E-9	9.999992E-9	1.099999E-8	1.100000E-8	
1439395480.281	20150812_180440		1.300000E-8	1.000000E+4	6.199987E-9	1.000000E-9	9.999992E-9	1.099999E-8	1.100000E-8	
1439395480.509	20150812_180440		1.300000E-8	1.000000E+4	6.199987E-9	1.000000E-9	9.999992E-9	1.099999E-8	1.100000E-8	
1439395480.782	20150812_180440		1.300000E-8	1.000000E+4	6.199987E-9	1.000000E-9	9.999992E-9	1.099999E-8	1.100000E-8	
1439395480.982	20150812_180440		1.300000E-8	1.000000E+4	6.199987E-9	1.000000E-9	9.999992E-9	1.099999E-8	1.100000E-8	
1439395481.181	20150812_180441		1.300000E-8	1.000000E+4	6.199987E-9	1.000000E-9	9.999992E-9	1.099999E-8	1.100000E-8	
1439395481.383	20150812_180441		1.300000E-8	1.000000E+4	6.199987E-9	1.000000E-9	9.999992E-9	1.099999E-8	1.100000E-8	
1439395481.584	20150812_180441		1.300000E-8	1.000000E+4	6.199987E-9	1.000000E-9	9.999992E-9	1.099999E-8	1.100000E-8	
1439395481.810	20150812_180441		1.300000E-8	1.000000E+4	6.199987E-9	1.000000E-9	9.999992E-9	1.099999E-8	1.100000E-8	
1439395482.089	20150812_180442		1.300000E-8	1.000000E+4	6.199987E-9	1.000000E-9	9.999992E-9	1.099999E-8	1.100000E-8	
1439395482.285	20150812_180442		1.300000E-8	1.000000E+4	6.199987E-9	1.000000E-9	9.999992E-9	1.099999E-8	1.100000E-8	
1439395482.485	20150812_180442		1.300000E-8	1.000000E+4	6.299987E-9	1.000000E-9	9.999992E-9	1.099999E-8	1.100000E-8	
1439395482.684	20150812_180442		1.300000E-8	1.000000E+4	6.299987E-9	1.000000E-9	9.999992E-9	1.099999E-8	1.100000E-8	
1439395482.885	20150812_180442		1.300000E-8	1.000000E+4	6.299987E-9	1.000000E-9	9.999992E-9	1.099999E-8	1.100000E-8	
1439395483.085	20150812_180443		1.300000E-8	1.000000E+4	6.299987E-9	1.000000E-9	9.999992E-9	1.099999E-8	1.100000E-8	
1439395483.309	20150812_180443		1.300000E-8	1.000000E+4	6.299987E-9	1.000000E-9	9.999992E-9	1.099999E-8	1.100000E-8	
1439395483.512	20150812_180443		1.300000E-8	1.000000E+4	6.199987E-9	1.000000E-9	1.099999E-8	1.099999E-8	1.100000E-8	
1439395483.785	20150812_180443		1.300000E-8	1.000000E+4	6.199987E-9	1.000000E-9	1.099999E-8	1.099999E-8	1.100000E-8	
1439395483.984	20150812_180443		1.300000E-8	1.000000E+4	6.199987E-9	1.000000E-9	1.099999E-8	1.099999E-8	1.100000E-8	
1439395484.185	20150812_180444		1.300000E-8	1.000000E+4	6.199987E-9	1.000000E-9	1.099999E-8	1.099999E-8	1.100000E-8	
1439395484.384	20150812_180444		1.400000E-8	1.000000E+4	6.199987E-9	1.000000E-9	1.199999E-8	1.099999E-8	1.100000E-8	
1439395484.585	20150812_180444		1.400000E-8	1.000000E+4	6.199987E-9	1.000000E-9	1.199999E-8	1.099999E-8	1.100000E-8	
1439395484.811	20150812_180444		1.400000E-8	1.000000E+4	6.199987E-9	1.000000E-9	1.199999E-8	1.099999E-8	1.100000E-8	
1439395485.084	20150812_180445		1.400000E-8	1.000000E+4	6.199987E-9	1.000000E-9	1.199999E-8	1.099999E-8	1.100000E-8	
1439395485.284	20150812_180445		1.400000E-8	1.000000E+4	6.199987E-9	1.000000E-9	1.199999E-8	1.099999E-8	1.100000E-8	
1439395485.485	20150812_180445		1.300000E-8	1.000000E+4	6.199987E-9	1.000000E-9	1.099999E-8	1.099999E-8	1.100000E-8	
1439395485.685	20150812_180445		1.300000E-8	1.000000E+4	6.199987E-9	1.000000E-9	1.099999E-8	1.099999E-8	1.100000E-8	
1439395485.884	20150812_180445		1.300000E-8	1.000000E+4	6.199987E-9	1.000000E-9	1.099999E-8	1.099999E-8	1.100000E-8	
1439395486.116	20150812_180446		1.300000E-8	1.000000E+4	6.199987E-9	1.000000E-9	1.099999E-8	1.099999E-8	1.100000E-8	
1439395486.385	20150812_180446		1.300000E-8	1.000000E+4	6.199987E-9	1.000000E-9	1.099999E-8	1.099999E-8	1.100000E-8	
1439395486.584	20150812_180446		1.300000E-8	1.000000E+4	6.199987E-9	1.000000E-9	1.099999E-8	1.099999E-8	1.100000E-8	
1439395486.784	20150812_180446		1.300000E-8	1.000000E+4	6.199987E-9	1.000000E-9	1.099999E-8	1.099999E-8	1.100000E-8	
1439395486.985	20150812_180446		1.300000E-8	1.000000E+4	6.199987E-9	1.000000E-9	1.099999E-8	1.099999E-8	1.100000E-8	
1439395487.185	20150812_180447		1.300000E-8	1.000000E+4	6.199987E-9	1.000000E-9	1.099999E-8	1.099999E-8	1.100000E-8	
1439395487.409	20150812_180447		1.300000E-8	1.000000E+4	6.199987E-9	1.000000E-9	1.099999E-8	1.099999E-8	1.100000E-8	
1439395487.608	20150812_180447		1.300000E-8	1.000000E+4	6.199987E-9	1.000000E-9	1.099999E-8	1.099999E-8	1.100000E-8	
1439395487.811	20150812_180447		1.300000E-8	1.000000E+4	6.199987E-9	1.000000E-9	1.099999E-8	1.099999E-8	1.100000E-8	
1439395488.085	20150812_180448		1.300000E-8	1.000000E+4	6.199987E-9	1.000000E-9	1.099999E-8	1.099999E-8	1.100000E-8	
1439395488.287	20150812_180448		1.300000E-8	1.000000E+4	6.199987E-9	1.000000E-9	1.099999E-8	1.099999E-8	1.100000E-8	
1439395488.487	20150812_180448		1.300000E-8	1.000000E+4	6.299987E-9	1.000000E-9	1.099999E-8	1.099999E-8	1.100000E-8	
1439395488.688	20150812_180448		1.300000E-8	1.000000E+4	6.299987E-9	1.000000E-9	1.099999E-8	1.099999E-8	1.100000E-8	
1439395488.888	20150812_180448		1.300000E-8	1.000000E+4	6.299987E-9	1.000000E-9	1.099999E-8	1.099999E-8	1.100000E-8	
1439395489.112	20150812_180449		1.300000E-8	1.000000E+4	6.299987E-9	1.000000E-9	1.099999E-8	1.099999E-8	1.100000E-8	
1439395489.312	20150812_180449		1.300000E-8	1.000000E+4	6.299987E-9	1.000000E-9	1.099999E-8	1.099999E-8	1.100000E-8	
1439395489.590	20150812_180449		1.300000E-8	1.000000E+4	6.199987E-9	1.000000E-9	1.099999E-8	1.099999E-8	1.100000E-8	
1439395489.789	20150812_180449		1.300000E-8	1.000000E+4	6.199987E-9	1.000000E-9	1.099999E-8	1.099999E-8	1.100000E-8	
1439395489.990	20150812_180449		1.300000E-8	1.000000E+4	6.199987E-9	1.000000E-9	1.099999E-8	1.099999E-8	1.100000E-8	
1439395490.189	20150812_180450		1.300000E-8	1.000000E+4	6.199987E-9	1.000000E-9	1.099999E-8	1.099999E-8	1.100000E-8	
1439395490.389	20150812_180450		1.300000E-8	1.000000E+4	6.399987E-9	1.000000E-9	1.199999E-8	1.099999E-8	1.100000E-8	
1439395490.616	20150812_180450		1.300000E-8	1.000000E+4	6.399987E-9	1.000000E-9	1.199999E-8	1.099999E-8	1.100000E-8	
1439395490.889	20150812_180450		1.300000E-8	1.000000E+4	6.399987E-9	1.000000E-9	1.199999E-8	1.099999E-8	1.100000E-8	
1439395491.090	20150812_180451		1.300000E-8	1.000000E+4	6.399987E-9	1.000000E-9	1.199999E-8	1.099999E-8	1.100000E-8	
1439395491.289	20150812_180451		1.300000E-8	1.000000E+4	6.399987E-9	1.000000E-9	1.199999E-8	1.099999E-8	1.100000E-8	
1439395491.490	20150812_180451		1.300000E-8	1.000000E+4	6.299987E-9	1.000000E-9	1.199999E-8	1.099999E-8	1.100000E-8	
1439395491.690	20150812_180451		1.300000E-8	1.000000E+4	6.299987E-9	1.000000E-9	1.199999E-8	1.099999E-8	1.100000E-8	
1439395491.917	20150812_180451		1.300000E-8	1.000000E+4	6.299987E-9	1.000000E-9	1.199999E-8	1.099999E-8	1.100000E-8	
1439395492.191	20150812_180452		1.300000E-8	1.000000E+4	6.299987E-9	1.000000E-9	1.199999E-8	1.099999E-8	1.100000E-8	
1439395492.391	20150812_180452		1.300000E-8	1.000000E+4	6.299987E-9	1.000000E-9	1.099999E-8	1.099999E-8	1.100000E-8	
1439395492.591	20150812_180452		1.300000E-8	1.000000E+4	6.299987E-9	1.000000E-9	1.099999E-8	1.099999E-8	1.100000E-8	
1439395492.791	20150812_180452		1.300000E-8	1.000000E+4	6.299987E-9	1.000000E-9	1.099999E-8	1.099999E-8	1.100000E-8	
1439395492.991	20150812_180452		1.300000E-8	1.000000E+4	6.299987E-9	1.000000E-9	1.099999E-8	1.099999E-8	1.100000E-8	
1439395493.217	20150812_180453		1.300000E-8	1.000000E+4	6.299987E-9	1.000000E-9	1.099999E-8	1.099999E-8	1.100000E-8	
1439395493.417	20150812_180453		1.300000E-8	1.000000E+4	6.299987E-9	1.000000E-9	1.099999E-8	1.099999E-8	1.100000E-8	
1439395493.692	20150812_180453		1.300000E-8	1.000000E+4	6.299987E-9	1.000000E-9	1.099999E-8	1.099999E-8	1.100000E-8	
1439395493.892	20150812_180453		1.300000E-8	1.000000E+4	6.299987E-9	1.000000E-9	1.099999E-8	1.099999E-8	1.100000E-8	
1439395494.093	20150812_180454		1.300000E-8	1.000000E+4	6.299987E-9	1.000000E-9	1.099999E-8	1.099999E-8	1.100000E-8	
1439395494.292	20150812_180454		1.300000E-8	1.000000E+4	6.299987E-9	1.000000E-9	1.099999E-8	1.099999E-8	1.100000E-8	
1439395494.494	20150812_180454		1.300000E-8	1.000000E+4	6.199987E-9	1.000000E-9	1.099999E-8	1.099999E-8	1.100000E-8	
1439395494.719	20150812_180454		1.300000E-8	1.000000E+4	6.199987E-9	1.000000E-9	1.099999E-8	1.099999E-8	1.100000E-8	
1439395494.920	20150812_180454		1.300000E-8	1.000000E+4	6.199987E-9	1.000000E-9	1.099999E-8	1.099999E-8	1.100000E-8	
1439395495.193	20150812_180455		1.300000E-8	1.000000E+4	6.199987E-9	1.000000E-9	1.099999E-8	1.099999E-8	1.100000E-8	
1439395495.395	20150812_180455		1.300000E-8	1.000000E+4	6.299987E-9	1.000000E-9	9.999992E-9	1.099999E-8	1.100000E-8	
1439395495.595	20150812_180455		1.300000E-8	1.000000E+4	6.299987E-9	1.000000E-9	9.999992E-9	1.099999E-8	1.100000E-8	
1439395495.794	20150812_180455		1.300000E-8	1.000000E+4	6.299987E-9	1.000000E-9	9.999992E-9	1.099999E-8	1.100000E-8	
1439395495.994	20150812_180455		1.300000E-8	1.000000E+4	6.299987E-9	1.000000E-9	9.999992E-9	1.099999E-8	1.100000E-8	
1439395496.218	20150812_180456		1.300000E-8	1.000000E+4	6.299987E-9	1.000000E-9	9.999992E-9	1.099999E-8	1.100000E-8	
1439395496.421	20150812_180456		1.400000E-8	1.000000E+4	6.199987E-9	1.000000E-9	9.999992E-9	1.099999E-8	1.100000E-8	
1439395496.696	20150812_180456		1.400000E-8	1.000000E+4	6.199987E-9	1.000000E-9	9.999992E-9	1.099999E-8	1.100000E-8	
1439395496.895	20150812_180456		1.400000E-8	1.000000E+4	6.199987E-9	1.000000E-9	9.999992E-9	1.099999E-8	1.100000E-8	
1439395497.096	20150812_180457		1.400000E-8	1.000000E+4	6.199987E-9	1.000000E-9	9.999992E-9	1.099999E-8	1.100000E-8	
1439395497.295	20150812_180457		1.400000E-8	1.000000E+4	6.199987E-9	1.000000E-9	9.999992E-9	1.099999E-8	1.100000E-8	
1439395497.495	20150812_180457		1.300000E-8	1.000000E+4	6.299987E-9	1.000000E-9	9.999992E-9	1.099999E-8	1.100000E-8	
1439395497.722	20150812_180457		1.300000E-8	1.000000E+4	6.299987E-9	1.000000E-9	9.999992E-9	1.099999E-8	1.100000E-8	
1439395497.922	20150812_180457		1.300000E-8	1.000000E+4	6.299987E-9	1.000000E-9	9.999992E-9	1.099999E-8	1.100000E-8	
1439395498.197	20150812_180458		1.300000E-8	1.000000E+4	6.299987E-9	1.000000E-9	9.999992E-9	1.099999E-8	1.100000E-8	
1439395498.398	20150812_180458		1.400000E-8	1.000000E+4	6.199987E-9	1.000000E-9	9.999992E-9	1.099999E-8	1.100000E-8	
1439395498.597	20150812_180458		1.400000E-8	1.000000E+4	6.199987E-9	1.000000E-9	9.999992E-9	1.099999E-8	1.100000E-8	
1439395498.798	20150812_180458		1.400000E-8	1.000000E+4	6.199987E-9	1.000000E-9	9.999992E-9	1.099999E-8	1.100000E-8	
1439395498.997	20150812_180458		1.400000E-8	1.000000E+4	6.199987E-9	1.000000E-9	9.999992E-9	1.099999E-8	1.100000E-8	
1439395499.276	20150812_180459		1.400000E-8	1.000000E+4	6.199987E-9	1.000000E-9	9.999992E-9	1.099999E-8	1.100000E-8	
1439395499.499	20150812_180459		1.300000E-8	1.000000E+4	6.199987E-9	1.000000E-9	9.999992E-9	1.099999E-8	1.100000E-8	
1439395499.824	20150812_180459		1.300000E-8	1.000000E+4	6.199987E-9	1.000000E-9	9.999992E-9	1.099999E-8	1.100000E-8	
