acqUNIXTime	acqDateTimestamp	VAC.VGI_3(mbar)	VAC.VGHB_41740(mbar)	VAC.VGI_2(mbar)	TT900(°C)	TT909(°C)	
1439814428.949	14:27:08 17/08/2015		9.399980E-9	4.999990E-9	-1.00000000	8.5694	0.3472	
1439814429.963	14:27:09 17/08/2015		9.399980E-9	-1.00000000	5.099989E-9	8.5694	0.3472	
1439814430.963	14:27:10 17/08/2015		9.999992E-9	5.199989E-9	-1.00000000	8.5694	0.3472	
1439814431.963	14:27:11 17/08/2015		9.999992E-9	-1.00000000	5.199989E-9	8.5694	0.3472	
1439814432.904	14:27:12 17/08/2015		9.899980E-9	5.199989E-9	-1.00000000	8.5694	0.3472	
1439814433.904	14:27:13 17/08/2015		9.999992E-9	5.199989E-9	-1.00000000	8.5694	0.3472	
1439814434.904	14:27:14 17/08/2015		9.999992E-9	-1.00000000	5.199989E-9	8.5694	0.3472	
1439814435.904	14:27:15 17/08/2015		9.999992E-9	-1.00000000	5.199989E-9	8.5694	0.3472	
1439814436.858	14:27:16 17/08/2015		9.799979E-9	5.099989E-9	-1.00000000	8.5694	0.3472	
1439814437.858	14:27:17 17/08/2015		9.999992E-9	-1.00000000	5.099989E-9	8.5694	0.3472	
1439814438.784	14:27:18 17/08/2015		9.899980E-9	5.099989E-9	-1.00000000	8.5694	0.3472	
1439814439.785	14:27:19 17/08/2015		9.999992E-9	5.099989E-9	-1.00000000	8.5694	0.3472	
1439814440.785	14:27:20 17/08/2015		9.999992E-9	-1.00000000	5.099989E-9	8.5694	0.3472	
1439814441.784	14:27:21 17/08/2015		9.999992E-9	5.199989E-9	-1.00000000	8.5694	0.3472	
1439814442.784	14:27:22 17/08/2015		9.999992E-9	5.199989E-9	-1.00000000	8.5694	0.3472	
1439814443.784	14:27:23 17/08/2015		9.999992E-9	-1.00000000	5.199989E-9	8.5694	0.3472	
1439814444.784	14:27:24 17/08/2015		9.999992E-9	5.199989E-9	-1.00000000	8.5694	0.3472	
1439814445.784	14:27:25 17/08/2015		9.999992E-9	5.199989E-9	-1.00000000	8.5694	0.3472	
1439814446.776	14:27:26 17/08/2015		9.999992E-9	5.199989E-9	5.199989E-9	8.5694	0.3472	
1439814447.777	14:27:27 17/08/2015		9.899980E-9	-1.00000000	-1.00000000	8.5694	0.3472	
1439814448.730	14:27:28 17/08/2015		9.899980E-9	5.099989E-9	-1.00000000	8.5694	0.3472	
1439814449.730	14:27:29 17/08/2015		9.999992E-9	-1.00000000	5.099989E-9	8.5694	0.3472	
1439814450.730	14:27:30 17/08/2015		9.999992E-9	-1.00000000	5.099989E-9	8.5694	0.3472	
1439814451.667	14:27:31 17/08/2015		9.899980E-9	5.099989E-9	-1.00000000	8.5694	0.3472	
1439814452.698	14:27:32 17/08/2015		9.799979E-9	5.099989E-9	-1.00000000	8.5694	0.3472	
1439814453.699	14:27:33 17/08/2015		9.399980E-9	5.099989E-9	-1.00000000	8.5694	0.3472	
1439814454.699	14:27:34 17/08/2015		9.399980E-9	5.099989E-9	-1.00000000	8.5694	0.3472	
1439814455.631	14:27:35 17/08/2015		9.399980E-9	5.099989E-9	-1.00000000	8.5694	0.3472	
1439814456.583	14:27:36 17/08/2015		9.699980E-9	5.099989E-9	-1.00000000	8.5694	0.3472	
1439814457.524	14:27:37 17/08/2015		9.899980E-9	5.199989E-9	-1.00000000	8.5694	0.3472	
1439814458.524	14:27:38 17/08/2015		9.999992E-9	5.199989E-9	-1.00000000	8.5694	0.3472	
1439814459.523	14:27:39 17/08/2015		9.999992E-9	5.199989E-9	-1.00000000	8.5694	0.3472	
1439814460.523	14:27:40 17/08/2015		9.999992E-9	5.199989E-9	-1.00000000	8.5694	0.3472	
1439814461.481	14:27:41 17/08/2015		9.999992E-9	5.199989E-9	-1.00000000	8.5694	0.3472	
1439814462.481	14:27:42 17/08/2015		9.899980E-9	5.199989E-9	-1.00000000	8.5694	0.3472	
1439814463.386	14:27:43 17/08/2015		9.899980E-9	5.199989E-9	-1.00000000	8.5694	0.3472	
1439814464.335	14:27:44 17/08/2015		9.799979E-9	5.199989E-9	-1.00000000	8.5694	0.3472	
1439814465.335	14:27:45 17/08/2015		9.999992E-9	-1.00000000	5.199989E-9	8.5694	0.3472	
1439814466.238	14:27:46 17/08/2015		9.999992E-9	5.199989E-9	-1.00000000	8.5694	0.3472	
1439814467.189	14:27:47 17/08/2015		9.799979E-9	5.199989E-9	-1.00000000	8.5694	0.3472	
1439814468.189	14:27:48 17/08/2015		9.999992E-9	5.199989E-9	-1.00000000	8.5694	0.3472	
1439814469.089	14:27:49 17/08/2015		9.999992E-9	5.199989E-9	-1.00000000	8.5694	0.3472	
1439814470.089	14:27:50 17/08/2015		9.799979E-9	5.099989E-9	5.099989E-9	8.5694	0.3472	
1439814471.089	14:27:51 17/08/2015		9.799979E-9	-1.00000000	-1.00000000	8.5694	0.3472	
1439814472.020	14:27:52 17/08/2015		9.799979E-9	5.099989E-9	-1.00000000	8.5694	0.3472	
1439814473.020	14:27:53 17/08/2015		9.899980E-9	-1.00000000	5.099989E-9	8.5694	0.3472	
1439814473.917	14:27:53 17/08/2015		9.999992E-9	5.099989E-9	-1.00000000	8.5694	0.3472	
1439814474.917	14:27:54 17/08/2015		9.799979E-9	5.099989E-9	5.099989E-9	8.5694	0.3472	
1439814475.917	14:27:55 17/08/2015		9.799979E-9	-1.00000000	-1.00000000	8.5694	0.3472	
1439814476.840	14:27:56 17/08/2015		9.999992E-9	5.099989E-9	-1.00000000	8.5694	0.3472	
1439814477.785	14:27:57 17/08/2015		9.799979E-9	5.099989E-9	-1.00000000	8.5694	0.3472	
1439814478.785	14:27:58 17/08/2015		9.499980E-9	5.099989E-9	-1.00000000	8.5694	0.3472	
1439814479.750	14:27:59 17/08/2015		9.499980E-9	5.099989E-9	5.099989E-9	8.5694	0.3472	
1439814480.750	14:28:00 17/08/2015		9.299980E-9	-1.00000000	-1.00000000	8.5694	0.3472	
1439814481.716	14:28:01 17/08/2015		9.499980E-9	5.099989E-9	-1.00000000	8.5694	0.3472	
1439814482.653	14:28:02 17/08/2015		9.399980E-9	5.199989E-9	-1.00000000	8.5694	0.3472	
1439814483.653	14:28:03 17/08/2015		9.999992E-9	-1.00000000	5.099989E-9	8.5694	0.3472	
1439814484.654	14:28:04 17/08/2015		9.899980E-9	5.099989E-9	-1.00000000	8.5694	0.3472	
1439814485.578	14:28:05 17/08/2015		9.899980E-9	5.199989E-9	5.199989E-9	8.5694	0.3472	
1439814486.578	14:28:06 17/08/2015		9.999992E-9	-1.00000000	-1.00000000	8.5694	0.3472	
1439814487.551	14:28:07 17/08/2015		9.899980E-9	5.199989E-9	-1.00000000	8.5694	0.3472	
1439814488.551	14:28:08 17/08/2015		9.999992E-9	5.199989E-9	-1.00000000	8.5694	0.3472	
1439814489.551	14:28:09 17/08/2015		9.999992E-9	5.199989E-9	-1.00000000	8.5694	0.3472	
1439814490.551	14:28:10 17/08/2015		9.999992E-9	5.199989E-9	-1.00000000	8.5694	0.3472	
1439814491.551	14:28:11 17/08/2015		9.999992E-9	5.199989E-9	-1.00000000	8.5694	0.3472	
1439814492.468	14:28:12 17/08/2015		9.999992E-9	5.199989E-9	-1.00000000	8.5694	0.3472	
1439814493.417	14:28:13 17/08/2015		9.699980E-9	5.199989E-9	-1.00000000	8.5694	0.3472	
1439814494.367	14:28:14 17/08/2015		9.799979E-9	5.199989E-9	-1.00000000	8.5694	0.3472	
1439814495.367	14:28:15 17/08/2015		9.999992E-9	5.199989E-9	-1.00000000	8.5694	0.3472	
1439814496.339	14:28:16 17/08/2015		9.999992E-9	5.199989E-9	-1.00000000	8.5694	0.3472	
1439814497.290	14:28:17 17/08/2015		9.799979E-9	5.199989E-9	-1.00000000	8.5694	0.3472	
1439814498.240	14:28:18 17/08/2015		9.899980E-9	5.199989E-9	-1.00000000	8.5694	0.3472	
1439814499.190	14:28:19 17/08/2015		9.699980E-9	5.199989E-9	-1.00000000	8.5694	0.3472	
1439814500.190	14:28:20 17/08/2015		9.999992E-9	-1.00000000	5.099989E-9	8.5694	0.3472	
1439814501.214	14:28:21 17/08/2015		9.999992E-9	5.199989E-9	-1.00000000	8.5694	0.3472	
1439814502.120	14:28:22 17/08/2015		9.799979E-9	5.099989E-9	5.199989E-9	8.5694	0.3472	
1439814503.120	14:28:23 17/08/2015		9.999992E-9	5.099989E-9	-1.00000000	8.5694	0.3472	
1439814504.136	14:28:24 17/08/2015		9.999992E-9	5.099989E-9	-1.00000000	8.5694	0.3472	
1439814505.050	14:28:25 17/08/2015		9.599980E-9	5.099989E-9	5.099989E-9	8.5694	0.3472	
1439814505.997	14:28:25 17/08/2015		9.299980E-9	5.099989E-9	-1.00000000	8.5694	0.3472	
1439814507.010	14:28:27 17/08/2015		9.399980E-9	5.099989E-9	-1.00000000	8.5694	0.3472	
1439814508.010	14:28:28 17/08/2015		9.399980E-9	5.099989E-9	5.099989E-9	8.5694	0.3472	
1439814509.010	14:28:29 17/08/2015		9.799979E-9	5.099989E-9	5.099989E-9	8.5694	0.3472	
1439814510.010	14:28:30 17/08/2015		9.999992E-9	5.099989E-9	5.099989E-9	8.5694	0.3472	
1439814511.010	14:28:31 17/08/2015		9.999992E-9	5.099989E-9	5.099989E-9	8.5694	0.3472	
1439814512.020	14:28:32 17/08/2015		9.999992E-9	5.099989E-9	5.099989E-9	8.5694	0.3472	
1439814513.020	14:28:33 17/08/2015		9.999992E-9	-1.00000000	5.099989E-9	8.5694	0.3472	
1439814514.020	14:28:34 17/08/2015		9.999992E-9	-1.00000000	5.099989E-9	8.5694	0.3472	
1439814514.916	14:28:34 17/08/2015		9.999992E-9	5.099989E-9	-1.00000000	8.5694	0.3472	
1439814515.916	14:28:35 17/08/2015		9.899980E-9	-1.00000000	5.099989E-9	8.5694	0.3472	
1439814517.100	14:28:37 17/08/2015		9.999992E-9	5.099989E-9	-1.00000000	8.5694	0.3472	
1439814518.118	14:28:38 17/08/2015		9.999992E-9	5.199989E-9	-1.00000000	8.5694	0.3472	
1439814519.029	14:28:39 17/08/2015		9.899980E-9	5.099989E-9	5.199989E-9	8.5694	0.3472	
1439814520.029	14:28:40 17/08/2015		9.999992E-9	5.199989E-9	-1.00000000	8.5694	0.3472	
1439814521.029	14:28:41 17/08/2015		9.999992E-9	5.199989E-9	-1.00000000	8.5694	0.3472	
1439814522.029	14:28:42 17/08/2015		9.999992E-9	5.199989E-9	-1.00000000	8.5694	0.3472	
1439814523.029	14:28:43 17/08/2015		9.999992E-9	5.199989E-9	-1.00000000	8.5694	0.3472	
1439814523.974	14:28:43 17/08/2015		9.999992E-9	5.199989E-9	-1.00000000	8.5694	0.3472	
1439814524.991	14:28:44 17/08/2015		9.899980E-9	5.199989E-9	-1.00000000	8.5694	0.3472	
1439814526.009	14:28:46 17/08/2015		9.899980E-9	5.199989E-9	5.199989E-9	8.5694	0.3472	
1439814527.009	14:28:47 17/08/2015		9.899980E-9	5.199989E-9	5.199989E-9	8.5694	0.3472	
1439814528.009	14:28:48 17/08/2015		9.899980E-9	-1.00000000	-1.00000000	8.5694	0.3472	
1439814528.932	14:28:48 17/08/2015		9.799979E-9	5.199989E-9	-1.00000000	8.5694	0.3472	
1439814529.932	14:28:49 17/08/2015		9.899980E-9	-1.00000000	5.199989E-9	8.5694	0.3472	
1439814530.832	14:28:50 17/08/2015		9.699980E-9	5.199989E-9	-1.00000000	8.5694	0.3472	
1439814531.832	14:28:51 17/08/2015		9.499980E-9	-1.00000000	5.199989E-9	8.5694	0.3472	
1439814532.832	14:28:52 17/08/2015		9.299980E-9	-1.00000000	5.199989E-9	8.5694	0.3472	
1439814533.845	14:28:53 17/08/2015		9.299980E-9	5.199989E-9	-1.00000000	8.5694	0.3472	
1439814534.783	14:28:54 17/08/2015		9.299980E-9	5.199989E-9	5.199989E-9	8.5694	0.3472	
1439814535.783	14:28:55 17/08/2015		9.999992E-9	5.199989E-9	-1.00000000	8.5787	0.3472	
1439814536.783	14:28:56 17/08/2015		9.999992E-9	5.099989E-9	-1.00000000	8.5694	0.3472	
1439814537.789	14:28:57 17/08/2015		9.999992E-9	5.199989E-9	-1.00000000	8.5694	0.3472	
1439814538.789	14:28:58 17/08/2015		9.999992E-9	5.199989E-9	5.199989E-9	8.5694	0.3472	
1439814539.789	14:28:59 17/08/2015		9.999992E-9	5.199989E-9	5.199989E-9	8.5694	0.3472	
1439814540.789	14:29:00 17/08/2015		9.999992E-9	-1.00000000	5.199989E-9	8.5694	0.3472	
1439814541.789	14:29:01 17/08/2015		9.999992E-9	5.199989E-9	-1.00000000	8.5694	0.3472	
1439814542.799	14:29:02 17/08/2015		9.999992E-9	5.199989E-9	-1.00000000	8.5694	0.3472	
1439814543.799	14:29:03 17/08/2015		9.999992E-9	5.199989E-9	5.199989E-9	8.5694	0.3472	
1439814544.799	14:29:04 17/08/2015		9.999992E-9	5.199989E-9	5.199989E-9	8.5694	0.3472	
1439814545.799	14:29:05 17/08/2015		9.999992E-9	5.099989E-9	5.099989E-9	8.5694	0.3472	
1439814546.798	14:29:06 17/08/2015		9.999992E-9	-1.00000000	-1.00000000	8.5694	0.3472	
1439814547.801	14:29:07 17/08/2015		9.999992E-9	5.099989E-9	-1.00000000	8.5694	0.3472	
1439814548.801	14:29:08 17/08/2015		9.999992E-9	5.099989E-9	5.099989E-9	8.5694	0.3472	
			
