acqUNIXTime	acqDateTimestamp	VAC.VVSB_41731(mbar)	VAC.VGI_3(mbar)	VAC.VVSB_41737(mbar)	VAC.VGI_2(mbar)	TT900(°C)	TT909(°C)	Store_Position_TS4M(°)	
1439824574.244	17:16:14 17/08/2015		3.000000E+0	9.899980E-9	5.000000E+0	5.099989E-9	8.5787	0.3472	168.3478	
1439824575.329	17:16:15 17/08/2015		3.000000E+0	9.999992E-9	5.000000E+0	4.999990E-9	8.5787	0.3472	168.3478	
1439824576.414	17:16:16 17/08/2015		3.000000E+0	9.999992E-9	5.000000E+0	5.099989E-9	8.5787	0.3472	168.3478	
1439824577.563	17:16:17 17/08/2015		3.000000E+0	9.999992E-9	5.000000E+0	5.099989E-9	8.5787	0.3472	168.3478	
1439824578.900	17:16:18 17/08/2015		3.000000E+0	9.999992E-9	5.000000E+0	4.999990E-9	8.5787	0.3472	168.3478	
1439824580.036	17:16:20 17/08/2015		3.000000E+0	9.999992E-9	5.000000E+0	4.999990E-9	8.5787	0.3472	168.3478	
1439824581.152	17:16:21 17/08/2015		3.000000E+0	9.999992E-9	5.000000E+0	4.999990E-9	8.5787	0.3472	168.3478	
1439824582.223	17:16:22 17/08/2015		3.000000E+0	9.999992E-9	5.000000E+0	4.999990E-9	8.5787	0.3472	168.3478	
1439824583.363	17:16:23 17/08/2015		3.000000E+0	9.999992E-9	5.000000E+0	4.999990E-9	8.5787	0.3472	168.3478	
1439824584.482	17:16:24 17/08/2015		3.000000E+0	9.999992E-9	5.000000E+0	5.099989E-9	8.5787	0.3472	168.3478	
1439824585.564	17:16:25 17/08/2015		3.000000E+0	9.899980E-9	5.000000E+0	5.099989E-9	8.5787	0.3472	168.3478	
1439824586.697	17:16:26 17/08/2015		3.000000E+0	9.899980E-9	5.000000E+0	5.099989E-9	8.5787	0.3472	168.3478	
1439824587.792	17:16:27 17/08/2015		3.000000E+0	9.999992E-9	5.000000E+0	4.999990E-9	8.5787	0.3472	168.3478	
1439824588.891	17:16:28 17/08/2015		3.000000E+0	9.799979E-9	5.000000E+0	4.999990E-9	8.5787	0.3472	168.3478	
1439824590.012	17:16:30 17/08/2015		3.000000E+0	9.999992E-9	5.000000E+0	4.999990E-9	8.5787	0.3472	168.3478	
1439824591.110	17:16:31 17/08/2015		3.000000E+0	9.999992E-9	5.000000E+0	4.999990E-9	8.5787	0.3472	168.3478	
1439824592.222	17:16:32 17/08/2015		3.000000E+0	9.999992E-9	5.000000E+0	5.099989E-9	8.5787	0.3472	168.3478	
1439824593.374	17:16:33 17/08/2015		3.000000E+0	9.999992E-9	5.000000E+0	5.099989E-9	8.5787	0.3472	168.3478	
1439824594.565	17:16:34 17/08/2015		3.000000E+0	9.899980E-9	5.000000E+0	5.099989E-9	8.5787	0.3472	168.3478	
1439824595.704	17:16:35 17/08/2015		3.000000E+0	9.799979E-9	5.000000E+0	5.099989E-9	8.5787	0.3472	168.3478	
1439824596.846	17:16:36 17/08/2015		3.000000E+0	9.999992E-9	5.000000E+0	5.099989E-9	8.5787	0.3472	168.3478	
1439824597.919	17:16:37 17/08/2015		3.000000E+0	9.899980E-9	5.000000E+0	5.099989E-9	8.5787	0.3472	168.3478	
1439824599.007	17:16:39 17/08/2015		3.000000E+0	9.999992E-9	5.000000E+0	4.999990E-9	8.5787	0.3472	168.3478	
1439824600.140	17:16:40 17/08/2015		3.000000E+0	9.999992E-9	5.000000E+0	5.099989E-9	8.5787	0.3472	168.3478	
1439824601.229	17:16:41 17/08/2015		3.000000E+0	9.999992E-9	5.000000E+0	5.099989E-9	8.5787	0.3472	168.3478	
1439824602.341	17:16:42 17/08/2015		3.000000E+0	9.999992E-9	5.000000E+0	4.999990E-9	8.5787	0.3472	168.3478	
1439824603.446	17:16:43 17/08/2015		3.000000E+0	9.999992E-9	5.000000E+0	5.099989E-9	8.5787	0.3472	168.3478	
1439824604.594	17:16:44 17/08/2015		3.000000E+0	9.999992E-9	5.000000E+0	4.999990E-9	8.5787	0.3472	168.3478	
1439824605.728	17:16:45 17/08/2015		3.000000E+0	9.999992E-9	5.000000E+0	5.099989E-9	8.5787	0.3472	168.3478	
1439824606.860	17:16:46 17/08/2015		3.000000E+0	9.999992E-9	5.000000E+0	5.099989E-9	8.5787	0.3472	168.3478	
1439824607.966	17:16:47 17/08/2015		3.000000E+0	9.999992E-9	5.000000E+0	5.099989E-9	8.5787	0.3472	168.3478	
1439824609.087	17:16:49 17/08/2015		3.000000E+0	9.999992E-9	5.000000E+0	4.999990E-9	8.5787	0.3472	168.3478	
1439824610.196	17:16:50 17/08/2015		3.000000E+0	9.999992E-9	5.000000E+0	4.999990E-9	8.5787	0.3472	168.3478	
1439824611.311	17:16:51 17/08/2015		3.000000E+0	9.999992E-9	5.000000E+0	5.099989E-9	8.5787	0.3472	168.3478	
1439824612.424	17:16:52 17/08/2015		3.000000E+0	9.999992E-9	5.000000E+0	5.099989E-9	8.5787	0.3472	168.3478	
1439824613.798	17:16:53 17/08/2015		3.000000E+0	9.999992E-9	5.000000E+0	5.099989E-9	8.5787	0.3472	168.3478	
1439824615.091	17:16:55 17/08/2015		3.000000E+0	9.999992E-9	5.000000E+0	5.099989E-9	8.5787	0.3472	168.3478	
1439824616.222	17:16:56 17/08/2015		3.000000E+0	9.999992E-9	5.000000E+0	4.999990E-9	8.5787	0.3472	168.3478	
1439824617.568	17:16:57 17/08/2015		3.000000E+0	9.999992E-9	5.000000E+0	5.099989E-9	8.5787	0.3472	168.3478	
1439824618.712	17:16:58 17/08/2015		3.000000E+0	9.999992E-9	5.000000E+0	5.099989E-9	8.5787	0.3472	168.3478	
1439824619.846	17:16:59 17/08/2015		3.000000E+0	9.999992E-9	5.000000E+0	4.999990E-9	8.5787	0.3472	168.3478	
1439824620.968	17:17:00 17/08/2015		3.000000E+0	9.999992E-9	5.000000E+0	5.099989E-9	8.5787	0.3472	168.3478	
1439824622.068	17:17:02 17/08/2015		3.000000E+0	9.999992E-9	5.000000E+0	4.999990E-9	8.5787	0.3472	168.3478	
1439824623.176	17:17:03 17/08/2015		3.000000E+0	9.999992E-9	5.000000E+0	5.099989E-9	8.5787	0.3472	168.3478	
1439824624.255	17:17:04 17/08/2015		3.000000E+0	9.999992E-9	5.000000E+0	5.099989E-9	8.5787	0.3472	168.3478	
1439824625.378	17:17:05 17/08/2015		3.000000E+0	9.999992E-9	5.000000E+0	5.099989E-9	8.5787	0.3472	168.3478	
1439824626.498	17:17:06 17/08/2015		3.000000E+0	9.999992E-9	5.000000E+0	5.099989E-9	8.5787	0.3472	168.3478	
1439824627.620	17:17:07 17/08/2015		3.000000E+0	9.999992E-9	5.000000E+0	5.099989E-9	8.5787	0.3472	168.3478	
1439824628.689	17:17:08 17/08/2015		3.000000E+0	9.999992E-9	5.000000E+0	5.099989E-9	8.5787	0.3472	168.3478	
