acqUNIXTime	acqDateTimestamp	VAC.VGHB_41779(°C)	VAC.VGI_1(°C)	VAC.VGHB_41740(mbar)	VAC.VGI_2(°C)	(mbar)	
1439642685.331	20150815_144445		5.299989E-9	5.299989E-9	9.000000E-10	5.299989E-9	8.5556	
1439642686.808	20150815_144446		9.500000E-10	0.000000E+0	0.000000E+0	0.000000E+0	8.5556	
1439642687.813	20150815_144447		0.000000E+0	0.000000E+0	0.000000E+0	0.000000E+0	8.5556	
1439642689.152	20150815_144449		0.000000E+0	0.000000E+0	0.000000E+0	0.000000E+0	8.5556	
1439642690.156	20150815_144450		0.000000E+0	0.000000E+0	0.000000E+0	0.000000E+0	8.5556	
1439642691.161	20150815_144451		0.000000E+0	0.000000E+0	0.000000E+0	0.000000E+0	8.5556	
1439642692.166	20150815_144452		0.000000E+0	0.000000E+0	0.000000E+0	0.000000E+0	8.5556	
1439642693.173	20150815_144453		0.000000E+0	0.000000E+0	0.000000E+0	0.000000E+0	8.5556	
1439642694.173	20150815_144454		0.000000E+0	0.000000E+0	0.000000E+0	0.000000E+0	8.5556	
1439642695.173	20150815_144455		0.000000E+0	0.000000E+0	0.000000E+0	0.000000E+0	8.5556	
1439642696.177	20150815_144456		0.000000E+0	0.000000E+0	0.000000E+0	0.000000E+0	8.5556	
1439642697.177	20150815_144457		0.000000E+0	0.000000E+0	0.000000E+0	0.000000E+0	8.5556	
1439642698.181	20150815_144458		0.000000E+0	0.000000E+0	0.000000E+0	0.000000E+0	8.5556	
1439642699.186	20150815_144459		0.000000E+0	0.000000E+0	0.000000E+0	0.000000E+0	8.5556	
1439642700.250	20150815_144500		0.000000E+0	0.000000E+0	0.000000E+0	0.000000E+0	8.5556	
1439642701.262	20150815_144501		0.000000E+0	0.000000E+0	0.000000E+0	0.000000E+0	8.5556	
1439642702.268	20150815_144502		0.000000E+0	0.000000E+0	0.000000E+0	0.000000E+0	8.5556	
1439642703.274	20150815_144503		0.000000E+0	0.000000E+0	0.000000E+0	0.000000E+0	8.5556	
1439642704.278	20150815_144504		0.000000E+0	0.000000E+0	0.000000E+0	0.000000E+0	8.5556	
1439642705.285	20150815_144505		0.000000E+0	0.000000E+0	0.000000E+0	0.000000E+0	8.5556	
1439642706.288	20150815_144506		0.000000E+0	0.000000E+0	0.000000E+0	0.000000E+0	8.5556	
1439642707.308	20150815_144507		0.000000E+0	0.000000E+0	0.000000E+0	0.000000E+0	8.5556	
1439642708.308	20150815_144508		0.000000E+0	0.000000E+0	0.000000E+0	0.000000E+0	8.5556	
1439642709.465	20150815_144509		0.000000E+0	0.000000E+0	0.000000E+0	0.000000E+0	8.5556	
1439642710.469	20150815_144510		0.000000E+0	0.000000E+0	0.000000E+0	0.000000E+0	8.5556	
1439642711.473	20150815_144511		0.000000E+0	0.000000E+0	0.000000E+0	0.000000E+0	8.5556	
1439642712.478	20150815_144512		0.000000E+0	0.000000E+0	0.000000E+0	0.000000E+0	8.5556	
1439642713.482	20150815_144513		0.000000E+0	0.000000E+0	0.000000E+0	0.000000E+0	8.5556	
1439642714.488	20150815_144514		0.000000E+0	0.000000E+0	0.000000E+0	0.000000E+0	8.5556	
1439642715.602	20150815_144515		0.000000E+0	0.000000E+0	0.000000E+0	0.000000E+0	8.5556	
1439642716.615	20150815_144516		0.000000E+0	0.000000E+0	0.000000E+0	0.000000E+0	8.5556	
1439642717.619	20150815_144517		0.000000E+0	0.000000E+0	0.000000E+0	0.000000E+0	8.5556	
1439642718.625	20150815_144518		0.000000E+0	0.000000E+0	0.000000E+0	0.000000E+0	8.5556	
1439642719.625	20150815_144519		0.000000E+0	0.000000E+0	0.000000E+0	0.000000E+0	8.5556	
1439642720.625	20150815_144520		0.000000E+0	0.000000E+0	0.000000E+0	0.000000E+0	8.5556	
1439642721.629	20150815_144521		0.000000E+0	0.000000E+0	0.000000E+0	0.000000E+0	8.5556	
1439642722.629	20150815_144522		0.000000E+0	0.000000E+0	0.000000E+0	0.000000E+0	8.5556	
1439642723.632	20150815_144523		0.000000E+0	0.000000E+0	0.000000E+0	0.000000E+0	8.5556	
1439642724.636	20150815_144524		0.000000E+0	0.000000E+0	0.000000E+0	0.000000E+0	8.5556	
1439642725.640	20150815_144525		0.000000E+0	0.000000E+0	0.000000E+0	0.000000E+0	8.5556	
1439642726.645	20150815_144526		0.000000E+0	0.000000E+0	0.000000E+0	0.000000E+0	8.5556	
1439642727.645	20150815_144527		0.000000E+0	0.000000E+0	0.000000E+0	0.000000E+0	8.5556	
1439642728.645	20150815_144528		0.000000E+0	0.000000E+0	0.000000E+0	0.000000E+0	8.5556	
1439642729.652	20150815_144529		0.000000E+0	0.000000E+0	0.000000E+0	0.000000E+0	8.5556	
1439642730.657	20150815_144530		0.000000E+0	0.000000E+0	0.000000E+0	0.000000E+0	8.5556	
1439642731.677	20150815_144531		0.000000E+0	0.000000E+0	0.000000E+0	0.000000E+0	8.5556	
1439642732.718	20150815_144532		0.000000E+0	0.000000E+0	0.000000E+0	0.000000E+0	8.5556	
1439642733.736	20150815_144533		0.000000E+0	0.000000E+0	0.000000E+0	0.000000E+0	8.5556	
1439642735.365	20150815_144535		0.000000E+0	0.000000E+0	0.000000E+0	0.000000E+0	8.5556	
1439642736.365	20150815_144536		0.000000E+0	0.000000E+0	0.000000E+0	0.000000E+0	8.5556	
1439642737.365	20150815_144537		0.000000E+0	0.000000E+0	0.000000E+0	0.000000E+0	8.5556	
1439642738.365	20150815_144538		0.000000E+0	0.000000E+0	0.000000E+0	0.000000E+0	8.5556	
1439642739.365	20150815_144539		0.000000E+0	0.000000E+0	0.000000E+0	0.000000E+0	8.5556	
1439642740.369	20150815_144540		0.000000E+0	0.000000E+0	0.000000E+0	0.000000E+0	8.5556	
1439642741.368	20150815_144541		0.000000E+0	0.000000E+0	0.000000E+0	0.000000E+0	8.5556	
1439642742.386	20150815_144542		0.000000E+0	0.000000E+0	0.000000E+0	0.000000E+0	8.5556	
1439642744.083	20150815_144544		0.000000E+0	0.000000E+0	0.000000E+0	0.000000E+0	8.5556	
1439642745.100	20150815_144545		0.000000E+0	0.000000E+0	0.000000E+0	0.000000E+0	8.5556	
1439642746.100	20150815_144546		0.000000E+0	0.000000E+0	0.000000E+0	0.000000E+0	8.5556	
1439642747.117	20150815_144547		0.000000E+0	0.000000E+0	0.000000E+0	0.000000E+0	8.5556	
1439642748.658	20150815_144548		0.000000E+0	0.000000E+0	0.000000E+0	0.000000E+0	8.5556	
1439642749.658	20150815_144549		0.000000E+0	0.000000E+0	0.000000E+0	0.000000E+0	8.5556	
1439642750.665	20150815_144550		0.000000E+0	0.000000E+0	0.000000E+0	0.000000E+0	8.5556	
1439642751.669	20150815_144551		0.000000E+0	0.000000E+0	0.000000E+0	0.000000E+0	8.5556	
1439642752.675	20150815_144552		0.000000E+0	0.000000E+0	0.000000E+0	0.000000E+0	8.5556	
1439642753.678	20150815_144553		0.000000E+0	0.000000E+0	0.000000E+0	0.000000E+0	8.5556	
1439642754.690	20150815_144554		0.000000E+0	0.000000E+0	0.000000E+0	0.000000E+0	8.5556	
1439642755.690	20150815_144555		0.000000E+0	0.000000E+0	0.000000E+0	0.000000E+0	8.5556	
1439642756.834	20150815_144556		0.000000E+0	0.000000E+0	0.000000E+0	0.000000E+0	8.5556	
1439642757.838	20150815_144557		0.000000E+0	0.000000E+0	0.000000E+0	0.000000E+0	8.5556	
1439642758.837	20150815_144558		0.000000E+0	0.000000E+0	0.000000E+0	0.000000E+0	8.5556	
1439642759.837	20150815_144559		0.000000E+0	0.000000E+0	0.000000E+0	0.000000E+0	8.5556	
1439642760.841	20150815_144600		0.000000E+0	0.000000E+0	0.000000E+0	0.000000E+0	8.5556	
1439642761.844	20150815_144601		0.000000E+0	0.000000E+0	0.000000E+0	0.000000E+0	8.5556	
1439642762.848	20150815_144602		0.000000E+0	0.000000E+0	0.000000E+0	0.000000E+0	8.5556	
1439642763.862	20150815_144603		0.000000E+0	0.000000E+0	0.000000E+0	0.000000E+0	8.5556	
1439642764.886	20150815_144604		0.000000E+0	0.000000E+0	0.000000E+0	0.000000E+0	8.5556	
1439642765.895	20150815_144605		0.000000E+0	0.000000E+0	0.000000E+0	0.000000E+0	8.5556	
1439642766.899	20150815_144606		0.000000E+0	0.000000E+0	0.000000E+0	0.000000E+0	8.5556	
1439642767.899	20150815_144607		0.000000E+0	0.000000E+0	0.000000E+0	0.000000E+0	8.5556	
1439642768.899	20150815_144608		0.000000E+0	0.000000E+0	0.000000E+0	0.000000E+0	8.5556	
1439642769.903	20150815_144609		0.000000E+0	0.000000E+0	0.000000E+0	0.000000E+0	8.5556	
1439642770.909	20150815_144610		0.000000E+0	0.000000E+0	0.000000E+0	0.000000E+0	8.5556	
1439642771.909	20150815_144611		0.000000E+0	0.000000E+0	0.000000E+0	0.000000E+0	8.5556	
1439642772.913	20150815_144612		0.000000E+0	0.000000E+0	0.000000E+0	0.000000E+0	8.5556	
1439642773.921	20150815_144613		0.000000E+0	0.000000E+0	0.000000E+0	0.000000E+0	8.5556	
1439642774.931	20150815_144614		0.000000E+0	0.000000E+0	0.000000E+0	0.000000E+0	8.5556	
1439642775.936	20150815_144615		0.000000E+0	0.000000E+0	0.000000E+0	0.000000E+0	8.5556	
1439642776.935	20150815_144616		0.000000E+0	0.000000E+0	0.000000E+0	0.000000E+0	8.5556	
1439642777.935	20150815_144617		0.000000E+0	0.000000E+0	0.000000E+0	0.000000E+0	8.5556	
1439642778.939	20150815_144618		0.000000E+0	0.000000E+0	0.000000E+0	0.000000E+0	8.5556	
1439642779.945	20150815_144619		0.000000E+0	0.000000E+0	0.000000E+0	0.000000E+0	8.5556	
1439642780.945	20150815_144620		0.000000E+0	0.000000E+0	0.000000E+0	0.000000E+0	8.5556	
1439642781.945	20150815_144621		0.000000E+0	0.000000E+0	0.000000E+0	0.000000E+0	8.5556	
1439642782.950	20150815_144622		0.000000E+0	0.000000E+0	0.000000E+0	0.000000E+0	8.5556	
1439642783.950	20150815_144623		0.000000E+0	0.000000E+0	0.000000E+0	0.000000E+0	8.5556	
1439642784.950	20150815_144624		0.000000E+0	0.000000E+0	0.000000E+0	0.000000E+0	8.5556	
1439642785.950	20150815_144625		0.000000E+0	0.000000E+0	0.000000E+0	0.000000E+0	8.5556	
1439642786.954	20150815_144626		0.000000E+0	0.000000E+0	0.000000E+0	0.000000E+0	8.5556	
1439642787.954	20150815_144627		0.000000E+0	0.000000E+0	0.000000E+0	0.000000E+0	8.5556	
1439642788.954	20150815_144628		0.000000E+0	0.000000E+0	0.000000E+0	0.000000E+0	8.5556	
1439642789.954	20150815_144629		0.000000E+0	0.000000E+0	0.000000E+0	0.000000E+0	8.5556	
1439642790.954	20150815_144630		0.000000E+0	0.000000E+0	0.000000E+0	0.000000E+0	8.5556	
1439642791.958	20150815_144631		0.000000E+0	0.000000E+0	0.000000E+0	0.000000E+0	8.5556	
1439642792.958	20150815_144632		0.000000E+0	0.000000E+0	0.000000E+0	0.000000E+0	8.5556	
1439642793.957	20150815_144633		0.000000E+0	0.000000E+0	0.000000E+0	0.000000E+0	8.5556	
1439642794.957	20150815_144634		0.000000E+0	0.000000E+0	0.000000E+0	0.000000E+0	8.5556	
1439642795.963	20150815_144635		0.000000E+0	0.000000E+0	0.000000E+0	0.000000E+0	8.5556	
1439642797.933	20150815_144637		0.000000E+0	0.000000E+0	0.000000E+0	0.000000E+0	8.5556	
1439642798.940	20150815_144638		0.000000E+0	0.000000E+0	0.000000E+0	0.000000E+0	8.5556	
1439642799.944	20150815_144639		0.000000E+0	0.000000E+0	0.000000E+0	0.000000E+0	8.5556	
1439642800.949	20150815_144640		0.000000E+0	0.000000E+0	0.000000E+0	0.000000E+0	8.5556	
1439642801.953	20150815_144641		0.000000E+0	0.000000E+0	0.000000E+0	0.000000E+0	8.5556	
